{
  "offs": 0.00000000000000E+00,
  "bg": 1.41450296293995E-04,
  "impA": 0.00000000000000E+00,
  "impB": 0.00000000000000E+00,
  "impC": 0.00000000000000E+00,
  "delA": 4.56094569198400E+00,
  "delB": 7.98735733164474E-01,
  "asym": -1.39241675097824E-02,
  "ann1": 3.08596066175038E+00,
  "ann2": -9.28603048290760E-01,
  "sem1": 1.58088573125118E+00,
  "sem2": -8.05981447138509E-01,
  "year": -2.79267640132886E-05,
  "IR": -0.00000000000000E+00,
  "ma": -0.00000000000000E+00,
  "mp": -7.71829651783217E-05,
  "shfT": -0.00000000000000E+00,
  "init": -1.40541704377249E-04,
  "ltep": [
    2.32414048365173E+01,
    9.46671102076573E+00
  ],
  "harm": [
    8.00000000000000E+00,
    2.40000000000000E+01
  ]
}
