{
  "offs": 0.00000000000000E+00,
  "bg": 1.41450296293995E-04,
  "impA": 0.00000000000000E+00,
  "impB": 0.00000000000000E+00,
  "impC": 0.00000000000000E+00,
  "delA": 4.55733297512501E+00,
  "delB": 7.98735733164474E-01,
  "asym": -1.42748263510043E-02,
  "ann1": 3.06304534561690E+00,
  "ann2": -1.05453842184055E+00,
  "sem1": 1.73381739132443E+00,
  "sem2": -6.99838300875915E-01,
  "year": -2.79267640132886E-05,
  "IR": -0.00000000000000E+00,
  "ma": -0.00000000000000E+00,
  "mp": -7.51897937309286E-05,
  "shfT": -0.00000000000000E+00,
  "init": -1.42005912716616E-04,
  "ltep": [
    2.33087423970392E+01,
    9.46489715636696E+00
  ],
  "harm": [
    2.30000000000000E+01,
    2.40000000000000E+01
  ]
}
