{
  "offs": 0.00000000000000E+00,
  "bg": 1.41450296293995E-04,
  "impA": 0.00000000000000E+00,
  "impB": 0.00000000000000E+00,
  "impC": 0.00000000000000E+00,
  "delA": 4.55448320729492E+00,
  "delB": 7.98735733164474E-01,
  "asym": 6.91445375789166E-02,
  "ann1": 2.59041809645161E-02,
  "ann2": -8.55319153303417E-01,
  "sem1": 5.22304726815127E-03,
  "sem2": -5.03111339590687E-01,
  "year": -2.79267640132886E-05,
  "IR": -0.00000000000000E+00,
  "ma": -0.00000000000000E+00,
  "mp": 1.09225874717917E-04,
  "shfT": -0.00000000000000E+00,
  "init": -2.40737937762367E-03,
  "ltep": [
    7.07820498069500E+00,
    2.38622494434167E+01
  ],
  "harm": [
    1.50000000000000E+01,
    5.00000000000000E+00
  ]
}
