{
  "offs": 0.00000000000000E+00,
  "bg": 1.41450296293995E-04,
  "impA": 0.00000000000000E+00,
  "impB": 0.00000000000000E+00,
  "impC": 0.00000000000000E+00,
  "delA": 4.58323069685164E+00,
  "delB": 7.98735733164474E-01,
  "asym": -1.31109936317477E-02,
  "ann1": 3.33842539486439E+00,
  "ann2": -1.07332012709117E+00,
  "sem1": 1.32148286257936E+00,
  "sem2": -7.62686122979256E-01,
  "year": -2.79267640132886E-05,
  "IR": -0.00000000000000E+00,
  "ma": -0.00000000000000E+00,
  "mp": -7.64222137149606E-05,
  "shfT": -0.00000000000000E+00,
  "init": -1.38763059529028E-04,
  "ltep": [
    2.24490155698907E+01,
    9.47028149776893E+00
  ],
  "harm": [
    8.00000000000000E+00,
    2.10000000000000E+01
  ]
}
