{
  "offs": 0.00000000000000E+00,
  "bg": 1.41450296293995E-04,
  "impA": 0.00000000000000E+00,
  "impB": 0.00000000000000E+00,
  "impC": 0.00000000000000E+00,
  "delA": 4.56284913539257E+00,
  "delB": 7.98735733164474E-01,
  "asym": -1.21586554887642E-02,
  "ann1": 3.43879468098419E+00,
  "ann2": -1.09994780845673E+00,
  "sem1": 1.68069199641870E+00,
  "sem2": 6.93548188914512E-01,
  "year": -2.79267640132886E-05,
  "IR": -0.00000000000000E+00,
  "ma": -0.00000000000000E+00,
  "mp": 7.73127242355227E-05,
  "shfT": -0.00000000000000E+00,
  "init": 1.52799169592143E-04,
  "ltep": [
    2.34994388260015E+01,
    9.55380307137145E+00
  ],
  "harm": [
    1.00000000000000E+01,
    1.30000000000000E+01
  ]
}
