{
  "offs": 0.00000000000000E+00,
  "bg": 1.41450296293995E-04,
  "impA": 0.00000000000000E+00,
  "impB": 0.00000000000000E+00,
  "impC": 0.00000000000000E+00,
  "delA": 4.51752341190135E+00,
  "delB": 7.98735733164474E-01,
  "asym": 4.16890365239333E-02,
  "ann1": 2.89299296444814E-02,
  "ann2": 5.42032477452470E-01,
  "sem1": -6.76962416523328E-03,
  "sem2": 7.60220959881690E-01,
  "year": -2.79267640132886E-05,
  "IR": -0.00000000000000E+00,
  "ma": -0.00000000000000E+00,
  "mp": -9.74066290412399E-05,
  "shfT": -0.00000000000000E+00,
  "init": -2.80942138703896E-03,
  "ltep": [
    -9.87901717702873E+00,
    2.35603385818847E+01
  ],
  "harm": [
    3.00000000000000E+00,
    6.00000000000000E+00
  ]
}
