{
  "offs": 0.00000000000000E+00,
  "bg": 1.41450296293995E-04,
  "impA": 0.00000000000000E+00,
  "impB": 0.00000000000000E+00,
  "impC": 0.00000000000000E+00,
  "delA": 4.53542256280446E+00,
  "delB": 7.98735733164474E-01,
  "asym": 8.20069854820882E-02,
  "ann1": 1.60890237081098E+00,
  "ann2": -2.87980771042072E+00,
  "sem1": -5.09647398929530E-08,
  "sem2": 9.18354536353491E-02,
  "year": -2.79267640132886E-05,
  "IR": -0.00000000000000E+00,
  "ma": -0.00000000000000E+00,
  "mp": -1.06397561563392E-04,
  "shfT": -0.00000000000000E+00,
  "init": 3.79276412586555E-04,
  "ltep": [
    9.42537081654963E+01,
    2.36750029064775E+01
  ],
  "harm": [
    1.80000000000000E+01,
    1.90000000000000E+01
  ]
}
