{
  "offs": 0.00000000000000E+00,
  "bg": 1.41489688590829E-04,
  "impA": 0.00000000000000E+00,
  "impB": 0.00000000000000E+00,
  "impC": 0.00000000000000E+00,
  "delA": 4.53468162621691E+00,
  "delB": 7.98735733164474E-01,
  "asym": 7.82236694999924E-02,
  "ann1": 4.25687214534203E-02,
  "ann2": -3.17491544330956E-01,
  "sem1": 1.66466102175907E-03,
  "sem2": 8.21433177403204E-01,
  "year": -2.79267640132886E-05,
  "IR": -0.00000000000000E+00,
  "ma": -0.00000000000000E+00,
  "mp": 1.12245452393246E-04,
  "shfT": -0.00000000000000E+00,
  "init": -3.25876721243931E-03,
  "ltep": [
    3.44828809369679E+00,
    2.36736409063057E+01
  ],
  "harm": [
    2.30000000000000E+01,
    9.00000000000000E+00
  ]
}
