{
  "offs": 0.00000000000000E+00,
  "bg": 1.41450296293995E-04,
  "impA": 0.00000000000000E+00,
  "impB": 0.00000000000000E+00,
  "impC": 0.00000000000000E+00,
  "delA": 4.31437649949697E+00,
  "delB": 7.98735733164474E-01,
  "asym": 1.13008833437673E-03,
  "ann1": -3.33133719100329E-02,
  "ann2": -1.53196392740126E+00,
  "sem1": 7.77786532505472E-03,
  "sem2": -5.00426518771864E+00,
  "year": -3.68350763463861E-05,
  "IR": -0.00000000000000E+00,
  "ma": -0.00000000000000E+00,
  "mp": -9.13646102912658E-05,
  "shfT": -0.00000000000000E+00,
  "init": 5.32177251903197E-04,
  "ltep": [
    2.45773311003638E+01,
    7.05524484166828E+00
  ],
  "harm": [
    3.10000000000000E+01,
    1.30000000000000E+01,
    1.70000000000000E+01
  ]
}
