offs    0.03042913225
bg      0.00014123808
impA    0.18089161349
impB   -0.01670088077
impC   -0.33315383946
delA    0.83798242229
delB    0.28335131774
asym    0.02013521718
ann1    0.02066375641
ann2   44.55168265923
sem1    0.00220535613
sem2   15.05480760346
year   -0.00002784885
IR      1.95257713874
ma      0.00300200967
mp     -0.00177718655
shfT    0.00000000000
init    0.03407239801
   27.32166155400   0.00461060792   0.70487654145
   27.21222081500  -0.02918402730   4.39995206357
 1095.17502233364  -0.01613272305  -3.11293990422
    9.08286783775   0.02366880252  -3.72263211208
    6.81670784238  -0.00863920814   0.97344657976
   13.63341568476   0.12435924369   0.46887421332
   13.66083077700   0.30991760492  -0.21176091025
   13.60611040750   0.01204966394   2.83300752890
   27.55454988600   0.11314918038  -0.33826943875
   13.77727494300   0.05017342033   3.45036608433
 6793.47648813065   0.00162687263   3.22764699982
 1616.30271425126   0.00928754166  -1.93127134035
   27.09267692660  -0.00988359011   2.24393348030
    9.09502787633   0.01254838040  -3.17909877731
   13.69115772864   0.03138442214  -2.68897299340
 1305.66025845931   0.01058027035  -4.16502313172
   27.44323926226   0.01391511978  -4.57182410383
   27.66676714572   0.01521128225   1.94305134885
 2190.35004466729   0.01252766523  -4.78190412623
   26.98505934729   0.00579582799   2.86522448927
 6167.20701373239   0.00210262109   1.85268088897
 -3232.60542850251   0.00747608002  -3.26366440150
 -2120.90900683440  -0.00854026474  -0.35976391788
   27.33282433123   0.01129923193   3.78862639505
   13.71880577217   0.00161909804   0.38145608900
    9.13295078376   0.08469275259   2.79619855525
    9.12068919638   0.03365205305  -2.71906991408
    9.10846048884   0.01055036614   2.78784522777
 3396.73824406533   0.00410747290   0.38122304573
 1656.31999626209   0.01640295096   0.08045448624
   27.10365333842  -0.00660655702   0.21257951300
ltep    5.38990007254
ltep    0.92510483537
ltep    3.17387734063
ltep  100.00000000000
ltep   10.00000000000
ltep  200.00000000000
ltep  600.00000000000
ltep   70.00000000000
ltep  150.00000000000
ltep  400.00000000000
ltep    0.50000000000
harm  3
harm  2
harm  0
