{
  "offs": 0.00000000000000E+00,
  "bg": 1.41450296293995E-04,
  "impA": 0.00000000000000E+00,
  "impB": 0.00000000000000E+00,
  "impC": 0.00000000000000E+00,
  "delA": 4.55583764420689E+00,
  "delB": 7.98735733164474E-01,
  "asym": -1.25602061545382E-02,
  "ann1": 3.74260732987501E+00,
  "ann2": -9.57930026130412E-01,
  "sem1": 1.50418524549280E+00,
  "sem2": -8.91361090247677E-01,
  "year": -2.79267640132886E-05,
  "IR": -0.00000000000000E+00,
  "ma": -0.00000000000000E+00,
  "mp": -7.52489666259763E-05,
  "shfT": -0.00000000000000E+00,
  "init": -1.37178561361333E-04,
  "ltep": [
    2.29360036341012E+01,
    9.44173574868045E+00
  ],
  "harm": [
    1.10000000000000E+01,
    1.70000000000000E+01
  ]
}
