{
  "offs": 0.00000000000000E+00,
  "bg": 1.41450296293995E-04,
  "impA": 0.00000000000000E+00,
  "impB": 0.00000000000000E+00,
  "impC": 0.00000000000000E+00,
  "delA": 4.63430406337314E+00,
  "delB": 7.98735733164474E-01,
  "asym": -1.72211261993794E-02,
  "ann1": -1.43988882798031E-02,
  "ann2": -6.33228776141060E-02,
  "sem1": 8.72949097308738E-03,
  "sem2": -1.76109447271894E+00,
  "year": -2.79267640132886E-05,
  "IR": -0.00000000000000E+00,
  "ma": -0.00000000000000E+00,
  "mp": -9.26399763859290E-05,
  "shfT": -0.00000000000000E+00,
  "init": 1.78333149441358E-07,
  "ltep": [
    2.46152393189140E+01,
    -5.26965038365725E+00
  ],
  "harm": [
    8.00000000000000E+00,
    2.40000000000000E+01
  ]
}
