{
  "offs": 0.00000000000000E+00,
  "bg": 1.41450296293995E-04,
  "impA": 0.00000000000000E+00,
  "impB": 0.00000000000000E+00,
  "impC": 0.00000000000000E+00,
  "delA": 4.63792978641591E+00,
  "delB": 7.98735733164474E-01,
  "asym": -2.21262913856227E-02,
  "ann1": -3.91426444937804E-02,
  "ann2": 9.84152159431314E-03,
  "sem1": 1.22849490136161E-02,
  "sem2": -1.46902065979782E+00,
  "year": -2.79267640132886E-05,
  "IR": -0.00000000000000E+00,
  "ma": -0.00000000000000E+00,
  "mp": -9.29826536918253E-05,
  "shfT": -0.00000000000000E+00,
  "init": 5.05381041390125E-05,
  "ltep": [
    2.45692340591909E+01,
    -5.27564702493795E+00
  ],
  "harm": [
    8.00000000000000E+00,
    2.40000000000000E+01
  ]
}
