offs   -0.17837526500
bg      0.00014123808
impA    0.21455785855
impB   -0.04086325180
impC   -0.31906851699
delA    0.84130985966
delB    0.28335131774
asym    0.00884829286
ann1    0.02022323056
ann2   22.40181804431
sem1   -0.02587335662
sem2   13.35350377950
year   -0.00002784885
IR      0.26678346474
ma      0.00303325446
mp      0.00180143695
shfT    0.00000000000
init    0.03487316534
   27.32166155400   0.01143973883  -1.54908896639
   27.21222081500  -0.02048304645   3.66740978211
 1095.17502233364  -0.00414020180   2.68049110320
    9.08286783775   0.01536890005  -3.77294003574
    6.81670784238  -0.00319947381  -0.53079624592
   13.63341568476   0.12049335415   0.39027234168
   13.66083077700   0.30662972299  -0.21829433109
   13.60611040750   0.00788146576   1.15336044419
   27.55454988600   0.10329633360  -0.37688134863
   13.77727494300   0.04218842143   3.32526723975
 6793.47648813065   0.00391085004   1.98635367799
 1616.30271425126   0.00852147450  -1.45519278394
   27.09267692660  -0.00934584036   0.23250583328
    9.09502787633   0.00625539182  -3.46759180013
   13.69115772864   0.02005440522  -2.02857899507
 1305.66025845931   0.00431437618  -4.61447432050
   27.44323926226   0.00611112406  -5.53544068477
   27.66676714572   0.01745551338   1.79452980165
 2190.35004466729   0.01454603848  -3.84086079598
   26.98505934729   0.00626357155  -2.27342349554
 6167.20701373239   0.00172104883   1.19406562825
 -3232.60542850251   0.00371204466  -1.96421554956
 -2120.90900683440  -0.00363163921  -0.68866246984
   27.33282433123   0.00538116007   2.83997113810
   13.71880577217   0.00512880254   0.00087877658
    9.13295078376   0.08512144859   2.79051695075
    9.12068919638   0.03261638481  -2.72913560672
    9.10846048884   0.00595686605  -4.07674225149
 3396.73824406533   0.00498264348  -0.93562511082
 1656.31999626209   0.00946306035  -0.00001511683
   27.10365333842   0.01213678779   0.74265077873
ltep    1.03470727242
ltep    3.20403982551
ltep   18.68216048000
ltep  100.00000000000
ltep   10.00000000000
ltep  200.00000000000
ltep  600.00000000000
ltep   70.00000000000
ltep  150.00000000000
ltep  400.00000000000
ltep    0.50000000000
harm  3
harm  2
harm  0
