{
  "offs": 0.00000000000000E+00,
  "bg": 1.41450296293995E-04,
  "impA": 0.00000000000000E+00,
  "impB": 0.00000000000000E+00,
  "impC": 0.00000000000000E+00,
  "delA": 4.63322920124378E+00,
  "delB": 7.98735733164474E-01,
  "asym": -1.38324643143556E-02,
  "ann1": 3.34626012621501E+00,
  "ann2": -9.82941501178801E-01,
  "sem1": 1.37481322851986E+00,
  "sem2": -8.89236239964333E-01,
  "year": -2.79267640132886E-05,
  "IR": -0.00000000000000E+00,
  "ma": -0.00000000000000E+00,
  "mp": 7.73326056754259E-05,
  "shfT": -0.00000000000000E+00,
  "init": 1.54431109480280E-04,
  "ltep": [
    2.38826929357125E+01,
    9.20342023183242E+00
  ],
  "harm": [
    1.80000000000000E+01,
    2.60000000000000E+01
  ]
}
