{
  "offs": 0.00000000000000E+00,
  "bg": 1.41450296293995E-04,
  "impA": 0.00000000000000E+00,
  "impB": 0.00000000000000E+00,
  "impC": 0.00000000000000E+00,
  "delA": 4.52406299677473E+00,
  "delB": 7.98735733164474E-01,
  "asym": 6.69897653861898E-02,
  "ann1": 2.28901844892729E-02,
  "ann2": -7.49469385591589E-01,
  "sem1": 4.45899256876130E-03,
  "sem2": -7.02204871917980E-01,
  "year": -2.79267640132886E-05,
  "IR": -0.00000000000000E+00,
  "ma": -0.00000000000000E+00,
  "mp": -1.09887136253805E-04,
  "shfT": -0.00000000000000E+00,
  "init": -2.40785263085853E-03,
  "ltep": [
    -9.45786447392493E+00,
    2.36899171410669E+01
  ],
  "harm": [
    2.30000000000000E+01,
    1.90000000000000E+01
  ]
}
