{
  "offs": 0.00000000000000E+00,
  "bg": 1.41450296293995E-04,
  "impA": 0.00000000000000E+00,
  "impB": 0.00000000000000E+00,
  "impC": 0.00000000000000E+00,
  "delA": 4.65355263821894E+00,
  "delB": 7.98735733164474E-01,
  "asym": 6.16014003865577E-02,
  "ann1": 7.80565719921680E-02,
  "ann2": -1.02600507968827E+00,
  "sem1": -8.80475495142922E-03,
  "sem2": 3.50099297055569E-01,
  "year": -2.79267640132886E-05,
  "IR": -0.00000000000000E+00,
  "ma": -0.00000000000000E+00,
  "mp": 1.32896477449957E-04,
  "shfT": -0.00000000000000E+00,
  "init": -2.76343113472112E-03,
  "ltep": [
    -4.09814804650502E+00,
    2.41593473673911E+01
  ],
  "harm": [
    2.60000000000000E+01,
    1.70000000000000E+01
  ]
}
