{
  "offs": 0.00000000000000E+00,
  "bg": 1.41450296293995E-04,
  "impA": 0.00000000000000E+00,
  "impB": 0.00000000000000E+00,
  "impC": 0.00000000000000E+00,
  "delA": 4.55525606348499E+00,
  "delB": 7.98730028190061E-01,
  "asym": -1.31635640616184E-02,
  "ann1": 2.70992433291526E+00,
  "ann2": -9.43007759765327E-01,
  "sem1": 1.47742097881649E+00,
  "sem2": 8.14823466586684E-01,
  "year": -2.79267640132886E-05,
  "IR": -0.00000000000000E+00,
  "ma": -0.00000000000000E+00,
  "mp": -7.63294336983659E-05,
  "shfT": -0.00000000000000E+00,
  "init": -1.39277808219515E-04,
  "ltep": [
    -2.07282512800955E+01,
    9.43890861729468E+00
  ],
  "harm": [
    2.10000000000000E+01,
    2.40000000000000E+01
  ]
}
