{
  "offs": 0.00000000000000E+00,
  "bg": 1.41450296293995E-04,
  "impA": 0.00000000000000E+00,
  "impB": 0.00000000000000E+00,
  "impC": 0.00000000000000E+00,
  "delA": 4.58068642367096E+00,
  "delB": 7.98735733164474E-01,
  "asym": -1.36951542751745E-02,
  "ann1": 3.35037370562568E+00,
  "ann2": -1.00641227361612E+00,
  "sem1": 1.66538696289387E+00,
  "sem2": 7.68567023270845E-01,
  "year": -2.79267640132886E-05,
  "IR": -0.00000000000000E+00,
  "ma": -0.00000000000000E+00,
  "mp": -7.79556201110273E-05,
  "shfT": -0.00000000000000E+00,
  "init": 1.38376641171925E-04,
  "ltep": [
    2.29052913286291E+01,
    7.18979132106816E+00
  ],
  "harm": [
    1.20000000000000E+01,
    2.90000000000000E+01
  ]
}
