{
  "offs": 0.00000000000000E+00,
  "bg": 1.41450296293995E-04,
  "impA": 0.00000000000000E+00,
  "impB": 0.00000000000000E+00,
  "impC": 0.00000000000000E+00,
  "delA": 4.53507872795065E+00,
  "delB": 7.98735733164474E-01,
  "asym": 7.32129871399358E-02,
  "ann1": -1.70687548607030E-02,
  "ann2": -5.84626502401149E-01,
  "sem1": -5.48141282353957E-03,
  "sem2": -7.89311463342368E-01,
  "year": -2.79267640132886E-05,
  "IR": -0.00000000000000E+00,
  "ma": -0.00000000000000E+00,
  "mp": 1.11393554725734E-04,
  "shfT": -0.00000000000000E+00,
  "init": -2.76995169391093E-03,
  "ltep": [
    1.20230650643753E+01,
    2.36730615806422E+01
  ],
  "harm": [
    4.00000000000000E+01,
    1.90000000000000E+01
  ]
}
