{
  "offs": 0.00000000000000E+00,
  "bg": 1.41450296293995E-04,
  "impA": 0.00000000000000E+00,
  "impB": 0.00000000000000E+00,
  "impC": 0.00000000000000E+00,
  "delA": 4.56094801555255E+00,
  "delB": 7.98735733164474E-01,
  "asym": 4.73179944349439E-02,
  "ann1": -1.60677609897647E-02,
  "ann2": -1.36383010463593E+00,
  "sem1": -7.02293397477674E-03,
  "sem2": 7.90200051845429E-01,
  "year": -2.79267640132886E-05,
  "IR": -0.00000000000000E+00,
  "ma": -0.00000000000000E+00,
  "mp": 9.71270874567223E-05,
  "shfT": -0.00000000000000E+00,
  "init": -3.44303845289417E-03,
  "ltep": [
    -7.07958367730247E+00,
    -2.37952194766280E+01
  ],
  "harm": [
    7.00000000000000E+00,
    1.90000000000000E+01
  ]
}
