{
  "offs": 0.00000000000000E+00,
  "bg": 1.41450296293995E-04,
  "impA": 0.00000000000000E+00,
  "impB": 0.00000000000000E+00,
  "impC": 0.00000000000000E+00,
  "delA": 4.56582913576565E+00,
  "delB": 7.98735733164474E-01,
  "asym": -1.34750078338158E-02,
  "ann1": 2.90936327158620E+00,
  "ann2": -9.61749219030653E-01,
  "sem1": 1.53261549425548E+00,
  "sem2": -7.97543752053496E-01,
  "year": -2.79267640132886E-05,
  "IR": -0.00000000000000E+00,
  "ma": -0.00000000000000E+00,
  "mp": -7.93153991434174E-05,
  "shfT": -0.00000000000000E+00,
  "init": -1.37503568129556E-04,
  "ltep": [
    2.17606783233128E+01,
    9.47876618168779E+00
  ],
  "harm": [
    1.00000000000000E+01,
    2.40000000000000E+01
  ]
}
