{
  "offs": 0.00000000000000E+00,
  "bg": 1.41450296293995E-04,
  "impA": 0.00000000000000E+00,
  "impB": 0.00000000000000E+00,
  "impC": 0.00000000000000E+00,
  "delA": 4.56001575059705E+00,
  "delB": 7.98735733164474E-01,
  "asym": -1.38381911871500E-02,
  "ann1": 3.42518412268284E+00,
  "ann2": -1.05293099473248E+00,
  "sem1": 1.34239078781363E+00,
  "sem2": -7.20644211117590E-01,
  "year": -2.79267640132886E-05,
  "IR": -0.00000000000000E+00,
  "ma": -0.00000000000000E+00,
  "mp": -7.42746984120598E-05,
  "shfT": -0.00000000000000E+00,
  "init": -1.39787472779165E-04,
  "ltep": [
    2.32235425687087E+01,
    9.47254519918535E+00
  ],
  "harm": [
    1.10000000000000E+01,
    2.70000000000000E+01
  ]
}
