{
  "offs": 0.00000000000000E+00,
  "bg": 1.41450296293995E-04,
  "impA": 0.00000000000000E+00,
  "impB": 0.00000000000000E+00,
  "impC": 0.00000000000000E+00,
  "delA": 4.56059538122889E+00,
  "delB": 7.98735733164474E-01,
  "asym": -1.34074914788998E-02,
  "ann1": 3.25148091050711E+00,
  "ann2": -1.12661321149329E+00,
  "sem1": 1.56936135478301E+00,
  "sem2": 7.20911935784877E-01,
  "year": -2.79267640132886E-05,
  "IR": -0.00000000000000E+00,
  "ma": -0.00000000000000E+00,
  "mp": -7.56850831974458E-05,
  "shfT": -0.00000000000000E+00,
  "init": -1.26548882532006E-04,
  "ltep": [
    2.31951653088480E+01,
    9.45999731654148E+00
  ],
  "harm": [
    6.00000000000000E+00,
    2.40000000000000E+01
  ]
}
