{
  "offs": 0.00000000000000E+00,
  "bg": 1.41450296293995E-04,
  "impA": 0.00000000000000E+00,
  "impB": 0.00000000000000E+00,
  "impC": 0.00000000000000E+00,
  "delA": 4.55928565039034E+00,
  "delB": 7.98735733164474E-01,
  "asym": -1.16203449132292E-02,
  "ann1": 2.88259934255715E+00,
  "ann2": -7.98230414150679E-01,
  "sem1": 1.89265665194378E+00,
  "sem2": 6.30618178389712E-01,
  "year": -2.79267640132886E-05,
  "IR": -0.00000000000000E+00,
  "ma": -0.00000000000000E+00,
  "mp": -7.96573912729785E-05,
  "shfT": -0.00000000000000E+00,
  "init": -1.18540926469709E-04,
  "ltep": [
    -2.48989157817072E+01,
    9.46311004746296E+00
  ],
  "harm": [
    6.00000000000000E+00,
    2.40000000000000E+01
  ]
}
