offs    0.00000000000
bg      0.00014123808
impA    0.00000000000
impB    0.00000000000
impC    0.00000000000
delA   -0.61092082212
delB   -0.44279844728
asym    0.60919124665
ann1    0.05335939171
ann2   -0.55080351666
sem1   -0.08636480132
sem2    1.32747108655
year   -0.00002792676
IR     -0.00000000000
ma     -0.00000000000
mp      0.00124122274
shfT   -0.00000000000
init    0.00001471770
   27.32166155400  -0.00019666020  -0.18137859104
   27.21222081500  -4.76119254428  22.29578452623
 1095.17502233364   0.00016450513   6.24722744982
    9.08286783775   0.00018094569   5.20174136408
    6.81670784238   0.00009913711   0.41783155091
   13.63341568476   0.00000048499  -5.04733544510
   13.66083077700   0.00002543278  -2.17600325700
   13.60611040750   0.00000000000  -0.00000003861
   27.55454988600   0.00005359827  39.38919565793
   13.77727494300  -0.00000016164  -0.00036754568
 6793.47648813065   0.00017401401  -2.16932776629
 1616.30271425126   0.00003146414  -6.59418189540
   27.09267692660   0.00015579747  -2.47532913372
    9.09502787633   0.00000286064  -1.33669852561
   13.69115772864   0.00012169180   6.68557644691
 1305.66025845931   0.00001017944  -0.00000252171
   27.44323926226   0.00008425478  -0.00000000000
   27.66676714572   0.00000000000   0.00001833850
 2190.35004466729   0.00003433544   0.13907803915
   26.98505934729   0.00008079725   0.65182381810
 6167.20701373239   0.00000024308   0.00000000000
 -3232.60542850251  -0.00000021111  -1.48185243439
 -2120.90900683440   0.00029372696  -4.03207891011
   27.33282433123  -0.00000001260  -0.00100985303
   13.71880577217   0.00020879499  16.60164030190
    9.13295078376   0.00025940816   0.92232700474
    9.12068919638   0.00005197179   4.29200344635
    9.10846048884   0.00010119262   0.89134321044
 3396.73824406533   0.00010219047 -10.02005916424
 1656.31999626209   0.00002713707  -0.04640556826
   27.10365333842   0.00021213133  -1.04727996115
ltep   -0.25528819916
ltep   42.38703079000
ltep   18.68216048000
ltep  100.00000000000
ltep   10.00000000000
ltep  200.00000000000
ltep  600.00000000000
ltep   70.00000000000
ltep  150.00000000000
ltep  400.00000000000
ltep    0.50000000000
harm  2
harm  3
harm  13
harm  76
harm  79
harm  46
harm  38
harm  10
harm  49
harm  73
harm  16
harm  80
harm  219
harm  186
harm  261
harm  133
harm  55
harm  683
harm  490
harm  1196
harm  119
harm  173
harm  284
harm  23
harm  74
harm  58
harm  139
harm  0
