{
  "offs": 0.00000000000000E+00,
  "bg": 1.41450296293995E-04,
  "impA": 0.00000000000000E+00,
  "impB": 0.00000000000000E+00,
  "impC": 0.00000000000000E+00,
  "delA": 4.56393701426762E+00,
  "delB": 7.98735733164474E-01,
  "asym": -1.36845547122515E-02,
  "ann1": 2.91327388455363E+00,
  "ann2": -9.40988230851432E-01,
  "sem1": 1.69530527216883E+00,
  "sem2": -7.71724889698512E-01,
  "year": -2.79267640132886E-05,
  "IR": -0.00000000000000E+00,
  "ma": -0.00000000000000E+00,
  "mp": -7.61593033041135E-05,
  "shfT": -0.00000000000000E+00,
  "init": -1.40973491466940E-04,
  "ltep": [
    2.33945367172541E+01,
    9.46285075520119E+00
  ],
  "harm": [
    2.30000000000000E+01,
    2.40000000000000E+01
  ]
}
