{
  "offs": 0.00000000000000E+00,
  "bg": 1.41450296293995E-04,
  "impA": 0.00000000000000E+00,
  "impB": 0.00000000000000E+00,
  "impC": 0.00000000000000E+00,
  "delA": 4.53614828503761E+00,
  "delB": 7.98735733164474E-01,
  "asym": 5.48089981102640E-02,
  "ann1": 1.88336140035220E-01,
  "ann2": -7.46164459676916E-01,
  "sem1": -1.50333921805119E-02,
  "sem2": -1.22255491250768E+01,
  "year": -2.79267640132886E-05,
  "IR": -0.00000000000000E+00,
  "ma": -0.00000000000000E+00,
  "mp": -1.07704038633050E-04,
  "shfT": -0.00000000000000E+00,
  "init": -2.79420674768845E-03,
  "ltep": [
    1.23986864727641E+00,
    1.37653317075169E+01,
    2.36729416570351E+01
  ],
  "harm": [
    4.00000000000000E+01,
    5.00000000000000E+00,
    3.00000000000000E+00
  ]
}
