{
  "offs": 0.00000000000000E+00,
  "bg": 1.41450296293995E-04,
  "impA": 0.00000000000000E+00,
  "impB": 0.00000000000000E+00,
  "impC": 0.00000000000000E+00,
  "delA": 4.53532784109496E+00,
  "delB": 7.98735733164474E-01,
  "asym": 5.57279194877403E-02,
  "ann1": 1.77112138674858E-01,
  "ann2": -1.23989246052489E+00,
  "sem1": -1.71858643937746E-02,
  "sem2": -1.42867265173671E+01,
  "year": -2.79267640132886E-05,
  "IR": -0.00000000000000E+00,
  "ma": -0.00000000000000E+00,
  "mp": -1.07962049430267E-04,
  "shfT": -0.00000000000000E+00,
  "init": -2.81090349707136E-03,
  "ltep": [
    3.84753098319557E+00,
    1.15062252255933E+01,
    2.36787527516104E+01
  ],
  "harm": [
    4.00000000000000E+01,
    5.00000000000000E+00
  ]
}
