{
  "offs": 0.00000000000000E+00,
  "bg": 1.41450296293995E-04,
  "impA": 0.00000000000000E+00,
  "impB": 0.00000000000000E+00,
  "impC": 0.00000000000000E+00,
  "delA": 4.55982940026140E+00,
  "delB": 7.98735733164474E-01,
  "asym": -1.28688118872058E-02,
  "ann1": 3.39939460951775E+00,
  "ann2": -1.00527646572816E+00,
  "sem1": 1.70351612618660E+00,
  "sem2": -7.23052107184923E-01,
  "year": -2.79267640132886E-05,
  "IR": -0.00000000000000E+00,
  "ma": -0.00000000000000E+00,
  "mp": -7.69999160422697E-05,
  "shfT": -0.00000000000000E+00,
  "init": -1.42948218254408E-04,
  "ltep": [
    2.32632376918670E+01,
    9.46565977656793E+00
  ],
  "harm": [
    8.00000000000000E+00,
    2.40000000000000E+01
  ]
}
