{
  "offs": 0.00000000000000E+00,
  "bg": 1.41450296293995E-04,
  "impA": 0.00000000000000E+00,
  "impB": 0.00000000000000E+00,
  "impC": 0.00000000000000E+00,
  "delA": 4.48789140564450E+00,
  "delB": 7.98735733164474E-01,
  "asym": -1.27950844697568E-02,
  "ann1": 2.90790881707129E+00,
  "ann2": -9.66230534040003E-01,
  "sem1": -1.50165321732679E+00,
  "sem2": 8.18693201585407E-01,
  "year": -2.79267640132886E-05,
  "IR": -0.00000000000000E+00,
  "ma": -0.00000000000000E+00,
  "mp": -6.19579180759177E-05,
  "shfT": -0.00000000000000E+00,
  "init": -1.46692121839303E-04,
  "ltep": [
    2.34906422680312E+01,
    8.14458588997224E+00
  ],
  "harm": [
    2.00000000000000E+01,
    7.00000000000000E+00
  ]
}
