{
  "offs": 0.00000000000000E+00,
  "bg": 1.41450296293995E-04,
  "impA": 0.00000000000000E+00,
  "impB": 0.00000000000000E+00,
  "impC": 0.00000000000000E+00,
  "delA": 4.50058960639051E+00,
  "delB": 7.98735733164474E-01,
  "asym": 1.22678079764464E-02,
  "ann1": 2.68032300887108E+00,
  "ann2": -1.03572565805448E+00,
  "sem1": -1.55735661471730E+00,
  "sem2": 8.14391945469229E-01,
  "year": -2.79267640132886E-05,
  "IR": -0.00000000000000E+00,
  "ma": -0.00000000000000E+00,
  "mp": -5.95040451533732E-05,
  "shfT": -0.00000000000000E+00,
  "init": 1.46586166718633E-04,
  "ltep": [
    2.35069808061312E+01,
    8.15370391284699E+00
  ],
  "harm": [
    2.00000000000000E+01,
    7.00000000000000E+00
  ]
}
