{
  "offs": 0.00000000000000E+00,
  "bg": 1.41450296293995E-04,
  "impA": 0.00000000000000E+00,
  "impB": 0.00000000000000E+00,
  "impC": 0.00000000000000E+00,
  "delA": 4.50040573427146E+00,
  "delB": 7.98735733164474E-01,
  "asym": 1.25781239759732E-02,
  "ann1": 2.72579475235214E+00,
  "ann2": -9.99822914119961E-01,
  "sem1": -1.52642631519848E+00,
  "sem2": 8.06276300274724E-01,
  "year": -2.79267640132886E-05,
  "IR": -0.00000000000000E+00,
  "ma": -0.00000000000000E+00,
  "mp": -6.04869569935225E-05,
  "shfT": -0.00000000000000E+00,
  "init": -1.45239786005983E-04,
  "ltep": [
    2.36354737240418E+01,
    8.15129665976876E+00
  ],
  "harm": [
    2.00000000000000E+01,
    7.00000000000000E+00
  ]
}
