{
  "offs": 0.00000000000000E+00,
  "bg": 1.41450296293995E-04,
  "impA": 0.00000000000000E+00,
  "impB": 0.00000000000000E+00,
  "impC": 0.00000000000000E+00,
  "delA": 4.50295246329945E+00,
  "delB": 7.98735733164474E-01,
  "asym": 2.02538037922257E-03,
  "ann1": 1.03966382549494E+00,
  "ann2": -3.34322941339068E+00,
  "sem1": -3.50232541690006E+00,
  "sem2": 1.32964103146047E+00,
  "year": -2.79267640132886E-05,
  "IR": -0.00000000000000E+00,
  "ma": -0.00000000000000E+00,
  "mp": -5.48070804135622E-05,
  "shfT": -0.00000000000000E+00,
  "init": -9.26025939781210E-05,
  "ltep": [
    -2.37332228417227E+01,
    8.15683481935921E+00
  ],
  "harm": [
    2.00000000000000E+01,
    7.00000000000000E+00
  ]
}
