{
  "offs": 0.00000000000000E+00,
  "bg": 1.41450296293995E-04,
  "impA": 0.00000000000000E+00,
  "impB": 0.00000000000000E+00,
  "impC": 0.00000000000000E+00,
  "delA": 4.60078524644098E+00,
  "delB": 7.98735733164474E-01,
  "asym": 1.24944014972647E-02,
  "ann1": 3.91382846336301E-02,
  "ann2": 2.36278696721908E+00,
  "sem1": -2.22872089036245E-02,
  "sem2": -1.14667177555960E+00,
  "year": -2.79267640132886E-05,
  "IR": -0.00000000000000E+00,
  "ma": -0.00000000000000E+00,
  "mp": 1.06646332423372E-04,
  "shfT": -0.00000000000000E+00,
  "init": -3.68701392412211E-03,
  "ltep": [
    9.40914844996124E+00,
    -2.36490576209260E+01
  ],
  "harm": [
    5.00000000000000E+00,
    6.00000000000000E+00
  ]
}
