{
  "offs": 0.00000000000000E+00,
  "bg": 1.41450296293995E-04,
  "impA": 0.00000000000000E+00,
  "impB": 0.00000000000000E+00,
  "impC": 0.00000000000000E+00,
  "delA": 4.50148962022107E+00,
  "delB": 7.98735733164474E-01,
  "asym": 2.61092197174308E-02,
  "ann1": 1.74154999528268E-02,
  "ann2": 1.23644816177284E+00,
  "sem1": -1.41116936897904E-02,
  "sem2": -9.44785574256677E-01,
  "year": -2.79267640132886E-05,
  "IR": -0.00000000000000E+00,
  "ma": -0.00000000000000E+00,
  "mp": -1.02957803697081E-04,
  "shfT": -0.00000000000000E+00,
  "init": -3.56428096419898E-03,
  "ltep": [
    -9.46389965771013E+00,
    -2.38752594346640E+01
  ],
  "harm": [
    5.00000000000000E+00,
    6.00000000000000E+00
  ]
}
