{
  "offs": 0.00000000000000E+00,
  "bg": 1.41450296293995E-04,
  "impA": 0.00000000000000E+00,
  "impB": 0.00000000000000E+00,
  "impC": 0.00000000000000E+00,
  "delA": 4.60312250221189E+00,
  "delB": 7.98735733164474E-01,
  "asym": 6.63874437410102E-03,
  "ann1": 4.71036787443696E-02,
  "ann2": 2.60844599139355E+00,
  "sem1": 3.37088170894105E-02,
  "sem2": 1.17791610578538E+00,
  "year": -2.79267640132886E-05,
  "IR": -0.00000000000000E+00,
  "ma": -0.00000000000000E+00,
  "mp": 1.03154014431108E-04,
  "shfT": -0.00000000000000E+00,
  "init": -3.61662169479503E-03,
  "ltep": [
    -8.36610484953379E+00,
    -2.36436382813152E+01
  ],
  "harm": [
    5.00000000000000E+00,
    6.00000000000000E+00
  ]
}
