{
  "offs": 0.00000000000000E+00,
  "bg": 1.41450296293995E-04,
  "impA": 0.00000000000000E+00,
  "impB": 0.00000000000000E+00,
  "impC": 0.00000000000000E+00,
  "delA": 4.60192953799791E+00,
  "delB": 7.98735733164474E-01,
  "asym": 6.76391277888996E-03,
  "ann1": 4.35905087312388E-02,
  "ann2": 2.60552089388127E+00,
  "sem1": 3.39185665126967E-02,
  "sem2": 1.18175255116626E+00,
  "year": -2.79267640132886E-05,
  "IR": -0.00000000000000E+00,
  "ma": -0.00000000000000E+00,
  "mp": 1.04118141021130E-04,
  "shfT": -0.00000000000000E+00,
  "init": -3.61849363548747E-03,
  "ltep": [
    -8.22492895737807E+00,
    -2.36440696279147E+01
  ],
  "harm": [
    5.00000000000000E+00,
    6.00000000000000E+00
  ]
}
