{
  "offs": 0.00000000000000E+00,
  "bg": 1.41450296293995E-04,
  "impA": 0.00000000000000E+00,
  "impB": 0.00000000000000E+00,
  "impC": 0.00000000000000E+00,
  "delA": 4.50719554711802E+00,
  "delB": 7.98735733164474E-01,
  "asym": 4.13538015998950E-02,
  "ann1": 2.68514039308217E-02,
  "ann2": 5.24510304908783E-01,
  "sem1": -6.67127430801737E-03,
  "sem2": 7.54295435724124E-01,
  "year": -2.79267640132886E-05,
  "IR": -0.00000000000000E+00,
  "ma": -0.00000000000000E+00,
  "mp": -9.76652414575927E-05,
  "shfT": -0.00000000000000E+00,
  "init": -2.82588736100580E-03,
  "ltep": [
    -9.84721684205024E+00,
    2.38857893483533E+01
  ],
  "harm": [
    5.00000000000000E+00,
    6.00000000000000E+00
  ]
}
