{
  "offs": 0.00000000000000E+00,
  "bg": 1.41450296293995E-04,
  "impA": 0.00000000000000E+00,
  "impB": 0.00000000000000E+00,
  "impC": 0.00000000000000E+00,
  "delA": 4.57380461796992E+00,
  "delB": 7.98735733164474E-01,
  "asym": -1.31824107264190E-02,
  "ann1": 3.33957354622405E+00,
  "ann2": -1.04408248884754E+00,
  "sem1": 1.91551451646820E+00,
  "sem2": -7.44471232270592E-01,
  "year": -2.79267640132886E-05,
  "IR": -0.00000000000000E+00,
  "ma": -0.00000000000000E+00,
  "mp": -7.77657984055020E-05,
  "shfT": -0.00000000000000E+00,
  "init": -1.40128622938498E-04,
  "ltep": [
    2.29499352492397E+01,
    9.47814166165979E+00
  ],
  "harm": [
    8.00000000000000E+00,
    1.70000000000000E+01
  ]
}
