offs    0.05145699566
bg      0.00014123808
impA    0.12045251164
impB   -0.02341790531
impC    0.11220031277
delA    0.83036523961
delB    0.28335131774
asym    0.00886513902
ann1    0.01153454146
ann2    3.35760750273
sem1    0.03675857359
sem2  -11.00909694450
year   -0.00002784885
IR      0.15753419212
ma      0.00347312954
mp     -0.00175031669
shfT    0.00000000000
init    0.05228079775
   27.32166155400   0.01786674670   2.27081103465
   27.21222081500   0.00831280711  -1.89986566360
 1095.17502233364  -0.00219572328  -0.63980929922
    9.08286783775   0.00566069507  -2.95152420997
    6.81670784238   0.00413680176   0.21722790857
   13.63341568476   0.11741810587   0.65822824844
   13.66083077700   0.30319480558  -0.23363070835
   13.60611040750   0.02372460678   0.86451417948
   27.55454988600   0.05935017429  -0.12079850918
   13.77727494300   0.02943470348   0.65805496974
 6793.47648813065  -0.00112507209  -1.77186628414
 1616.30271425126   0.00708132722  -3.42292735486
   27.09267692660   0.01177675520  -0.27916845152
    9.09502787633   0.00365293969  -3.56174054970
   13.69115772864   0.00791052309  -0.74625577794
 1305.66025845931   0.00283247989   1.95396717215
   27.44323926226   0.00144847405  -0.59019760192
   27.66676714572   0.02115044243   2.56281933801
 2190.35004466729   0.00669714316  -1.28411221124
   26.98505934729   0.02319267974   0.12353330034
 6167.20701373239   0.00289841499   0.91263879725
 -3232.60542850251  -0.00259907843   2.85545301787
 -2120.90900683440   0.00466848228   3.78399705895
   27.33282433123   0.01076324169   1.45357889698
   13.71880577217  -0.00162265372  -0.35438440502
    9.13295078376   0.08489049791   2.79387104964
    9.12068919638   0.04447953867  -2.64309418508
    9.10846048884   0.01048118508   2.23515870646
 3396.73824406533   0.00214464325  -1.52770865371
 1656.31999626209  -0.00250160616   0.00918349928
   27.10365333842   0.01518249327  -2.56953650205
ltep    3.14509801531
ltep   42.38703079000
ltep   18.68216048000
ltep  100.00000000000
ltep   10.00000000000
ltep  200.00000000000
ltep  600.00000000000
ltep   70.00000000000
ltep  150.00000000000
ltep  400.00000000000
ltep    0.50000000000
harm  4
harm  2
harm  5
harm  24
harm  20
harm  25
harm  0
