{
  "offs": 0.00000000000000E+00,
  "bg": 1.41450296293995E-04,
  "impA": 0.00000000000000E+00,
  "impB": 0.00000000000000E+00,
  "impC": 0.00000000000000E+00,
  "delA": 4.53613355149925E+00,
  "delB": 7.98735733164474E-01,
  "asym": 7.63411807337289E-02,
  "ann1": 8.16669888839608E-02,
  "ann2": -1.17360190387399E+00,
  "sem1": -1.70106314577598E-02,
  "sem2": -1.42281179617468E+01,
  "year": -2.79267640132886E-05,
  "IR": -0.00000000000000E+00,
  "ma": -0.00000000000000E+00,
  "mp": -1.08627508629179E-04,
  "shfT": -0.00000000000000E+00,
  "init": -2.92733162438510E-03,
  "ltep": [
    4.72487465859032E+00,
    1.16800356558593E+01,
    2.36884888503323E+01
  ],
  "harm": [
    4.00000000000000E+01,
    1.90000000000000E+01
  ]
}
