{
  "offs": 0.00000000000000E+00,
  "bg": 1.41450296293995E-04,
  "impA": 0.00000000000000E+00,
  "impB": 0.00000000000000E+00,
  "impC": 0.00000000000000E+00,
  "delA": 4.51766314810672E+00,
  "delB": 7.98735733164474E-01,
  "asym": 4.05588266522869E-02,
  "ann1": 3.92305704754951E+01,
  "ann2": 1.03653240690248E+00,
  "sem1": -9.22282258064945E+00,
  "sem2": -7.54209953846103E-01,
  "year": -2.79267640132886E-05,
  "IR": -0.00000000000000E+00,
  "ma": -0.00000000000000E+00,
  "mp": -9.81967970380402E-05,
  "shfT": -0.00000000000000E+00,
  "init": -3.24987704535288E-03,
  "ltep": [
    9.56969599732984E+00,
    2.35225171957149E+01
  ],
  "harm": [
    3.50000000000000E+01,
    6.00000000000000E+00
  ]
}
