{
  "offs": 0.00000000000000E+00,
  "bg": 1.41450296293995E-04,
  "impA": 0.00000000000000E+00,
  "impB": 0.00000000000000E+00,
  "impC": 0.00000000000000E+00,
  "delA": 4.53726331429569E+00,
  "delB": 7.98730028190061E-01,
  "asym": -9.24235258741964E-03,
  "ann1": 1.82698535491337E+00,
  "ann2": -9.99414546575251E-01,
  "sem1": 1.46862907648793E+00,
  "sem2": 9.94646652984914E-01,
  "year": -2.79267640132886E-05,
  "IR": -0.00000000000000E+00,
  "ma": -0.00000000000000E+00,
  "mp": -8.50543815907207E-05,
  "shfT": -0.00000000000000E+00,
  "init": -1.28361409777541E-04,
  "ltep": [
    -1.93519891998562E+01,
    1.00325922720715E+01
  ],
  "harm": [
    1.30000000000000E+01,
    2.90000000000000E+01
  ]
}
