{
  "offs": 0.00000000000000E+00,
  "bg": 1.41450296293995E-04,
  "impA": 0.00000000000000E+00,
  "impB": 0.00000000000000E+00,
  "impC": 0.00000000000000E+00,
  "delA": 4.53716220612290E+00,
  "delB": 7.98730028190061E-01,
  "asym": -9.42054820257583E-03,
  "ann1": 1.83995780914421E+00,
  "ann2": -9.98508537599310E-01,
  "sem1": 1.52756691896364E+00,
  "sem2": 9.92825538908472E-01,
  "year": -2.79267640132886E-05,
  "IR": -0.00000000000000E+00,
  "ma": -0.00000000000000E+00,
  "mp": -8.47290998073319E-05,
  "shfT": -0.00000000000000E+00,
  "init": -1.28407772975586E-04,
  "ltep": [
    -1.94022805681530E+01,
    1.00301028524178E+01
  ],
  "harm": [
    1.30000000000000E+01,
    2.90000000000000E+01
  ]
}
