{
  "offs": 0.00000000000000E+00,
  "bg": 1.41450296293995E-04,
  "impA": 0.00000000000000E+00,
  "impB": 0.00000000000000E+00,
  "impC": 0.00000000000000E+00,
  "delA": 4.53641430980641E+00,
  "delB": 7.98735733164474E-01,
  "asym": -1.23644958010204E-02,
  "ann1": 4.07995608224136E+00,
  "ann2": -1.21411703536455E+00,
  "sem1": 7.66493780122238E-01,
  "sem2": -5.77670589644412E-01,
  "year": -2.79267640132886E-05,
  "IR": -0.00000000000000E+00,
  "ma": -0.00000000000000E+00,
  "mp": -8.20931116925841E-05,
  "shfT": -0.00000000000000E+00,
  "init": -1.28302920928597E-04,
  "ltep": [
    2.34610991513198E+01,
    8.73629827597548E+00
  ],
  "harm": [
    2.00000000000000E+00,
    2.40000000000000E+01
  ]
}
