{
  "offs": 0.00000000000000E+00,
  "bg": 1.41450296293995E-04,
  "impA": 0.00000000000000E+00,
  "impB": 0.00000000000000E+00,
  "impC": 0.00000000000000E+00,
  "delA": 4.56115419925058E+00,
  "delB": 7.98735733164474E-01,
  "asym": -1.34192745869991E-02,
  "ann1": 3.39293048295564E+00,
  "ann2": -1.22528170211793E+00,
  "sem1": 1.31278872942880E+00,
  "sem2": -7.46014790045400E-01,
  "year": -2.79267640132886E-05,
  "IR": -0.00000000000000E+00,
  "ma": -0.00000000000000E+00,
  "mp": -7.61954048256086E-05,
  "shfT": -0.00000000000000E+00,
  "init": -1.48790797649979E-04,
  "ltep": [
    2.31198445085428E+01,
    9.44388935544975E+00
  ],
  "harm": [
    1.90000000000000E+01,
    2.40000000000000E+01
  ]
}
