{
  "offs": 0.00000000000000E+00,
  "bg": 1.41450296293995E-04,
  "impA": 0.00000000000000E+00,
  "impB": 0.00000000000000E+00,
  "impC": 0.00000000000000E+00,
  "delA": 4.56061986490629E+00,
  "delB": 7.98735733164474E-01,
  "asym": -1.36835644641025E-02,
  "ann1": 3.15082025902027E+00,
  "ann2": -1.11724616955292E+00,
  "sem1": 1.86593345931610E+00,
  "sem2": -7.68147408163203E-01,
  "year": -2.79267640132886E-05,
  "IR": -0.00000000000000E+00,
  "ma": -0.00000000000000E+00,
  "mp": -7.52658514224084E-05,
  "shfT": -0.00000000000000E+00,
  "init": -1.41903037713825E-04,
  "ltep": [
    2.31785029859099E+01,
    9.47917937165139E+00
  ],
  "harm": [
    2.00000000000000E+01,
    2.40000000000000E+01
  ]
}
