{
  "offs": 0.00000000000000E+00,
  "bg": 1.41450296293995E-04,
  "impA": 0.00000000000000E+00,
  "impB": 0.00000000000000E+00,
  "impC": 0.00000000000000E+00,
  "delA": 4.56068771662455E+00,
  "delB": 7.98735733164474E-01,
  "asym": -1.36116930257264E-02,
  "ann1": 3.01475506923014E+00,
  "ann2": -1.00520558939800E+00,
  "sem1": 1.43593566301529E+00,
  "sem2": -7.59208489286625E-01,
  "year": -2.79267640132886E-05,
  "IR": -0.00000000000000E+00,
  "ma": -0.00000000000000E+00,
  "mp": -7.66568476228585E-05,
  "shfT": -0.00000000000000E+00,
  "init": -1.37531328351453E-04,
  "ltep": [
    2.31518813285251E+01,
    9.46268572835288E+00
  ],
  "harm": [
    8.00000000000000E+00,
    2.40000000000000E+01
  ]
}
