{
  "offs": 0.00000000000000E+00,
  "bg": 1.41450296293995E-04,
  "impA": 0.00000000000000E+00,
  "impB": 0.00000000000000E+00,
  "impC": 0.00000000000000E+00,
  "delA": 4.56321795810844E+00,
  "delB": 7.98735733164474E-01,
  "asym": -1.20898428141219E-02,
  "ann1": 3.25840001994441E+00,
  "ann2": -9.54031102448404E-01,
  "sem1": 1.43272576668589E+00,
  "sem2": 7.60523706052540E-01,
  "year": -2.79267640132886E-05,
  "IR": -0.00000000000000E+00,
  "ma": -0.00000000000000E+00,
  "mp": -7.59308822078780E-05,
  "shfT": -0.00000000000000E+00,
  "init": -1.36127750056599E-04,
  "ltep": [
    2.27332800894367E+01,
    9.48940808623127E+00
  ],
  "harm": [
    8.00000000000000E+00,
    2.40000000000000E+01
  ]
}
