{
  "offs": 0.00000000000000E+00,
  "bg": 1.41450296293995E-04,
  "impA": 0.00000000000000E+00,
  "impB": 0.00000000000000E+00,
  "impC": 0.00000000000000E+00,
  "delA": 4.32242524583398E+00,
  "delB": 7.98735733164474E-01,
  "asym": -4.74008733760963E-03,
  "ann1": -3.18959163857995E-02,
  "ann2": -5.50587482385001E-01,
  "sem1": -1.00434129034780E-02,
  "sem2": -2.56481448626934E+00,
  "year": -3.68350763463861E-05,
  "IR": -0.00000000000000E+00,
  "ma": -0.00000000000000E+00,
  "mp": 8.89453130216828E-05,
  "shfT": -0.00000000000000E+00,
  "init": 4.35579866220054E-04,
  "ltep": [
    -2.23553451297197E+01,
    -7.05135612264134E+00
  ],
  "harm": [
    3.10000000000000E+01,
    3.50000000000000E+01,
    5.50000000000000E+01
  ]
}
