{
  "offs": 0.00000000000000E+00,
  "bg": 1.41450296293995E-04,
  "impA": 0.00000000000000E+00,
  "impB": 0.00000000000000E+00,
  "impC": 0.00000000000000E+00,
  "delA": 4.55883210898326E+00,
  "delB": 7.98735733164474E-01,
  "asym": -8.00411907838105E-03,
  "ann1": 1.13143087855053E+00,
  "ann2": -1.79473422013348E-01,
  "sem1": -6.46357313559739E-01,
  "sem2": -1.66451320405855E+00,
  "year": -2.79267640132886E-05,
  "IR": -0.00000000000000E+00,
  "ma": -0.00000000000000E+00,
  "mp": 7.88706320268301E-05,
  "shfT": -0.00000000000000E+00,
  "init": -1.15561834738667E-04,
  "ltep": [
    -2.33885446121692E+01,
    9.47055250988977E+00
  ],
  "harm": [
    8.00000000000000E+00,
    2.40000000000000E+01
  ]
}
