{
  "offs": 0.00000000000000E+00,
  "bg": 1.41450296293995E-04,
  "impA": 0.00000000000000E+00,
  "impB": 0.00000000000000E+00,
  "impC": 0.00000000000000E+00,
  "delA": 4.56114104325933E+00,
  "delB": 7.98735733164474E-01,
  "asym": -1.27896012551525E-02,
  "ann1": 4.38273388512410E+00,
  "ann2": -1.58554710270290E+00,
  "sem1": 1.64735763504354E+00,
  "sem2": -5.30133030054799E-01,
  "year": -2.79267640132886E-05,
  "IR": -0.00000000000000E+00,
  "ma": -0.00000000000000E+00,
  "mp": 7.12197031971567E-05,
  "shfT": -0.00000000000000E+00,
  "init": -1.11543333156152E-04,
  "ltep": [
    -2.32230618090038E+01,
    9.49597975843653E+00
  ],
  "harm": [
    2.00000000000000E+01,
    2.40000000000000E+01
  ]
}
