{
  "offs": 0.00000000000000E+00,
  "bg": 1.41450296293995E-04,
  "impA": 0.00000000000000E+00,
  "impB": 0.00000000000000E+00,
  "impC": 0.00000000000000E+00,
  "delA": 4.55939651494992E+00,
  "delB": 7.98735733164474E-01,
  "asym": -1.21667444057226E-02,
  "ann1": 3.46695683202841E+00,
  "ann2": -9.45192269763672E-01,
  "sem1": 1.83982919843693E+00,
  "sem2": -6.37550380017412E-01,
  "year": -2.79267640132886E-05,
  "IR": -0.00000000000000E+00,
  "ma": -0.00000000000000E+00,
  "mp": -7.55004063484351E-05,
  "shfT": -0.00000000000000E+00,
  "init": -1.40840833806877E-04,
  "ltep": [
    2.33824732875498E+01,
    9.46740598518427E+00
  ],
  "harm": [
    2.80000000000000E+01,
    2.40000000000000E+01
  ]
}
