{
  "offs": 0.00000000000000E+00,
  "bg": 1.41437985956983E-04,
  "impA": 0.00000000000000E+00,
  "impB": 0.00000000000000E+00,
  "impC": 0.00000000000000E+00,
  "delA": 4.53915542394136E+00,
  "delB": 7.98735733164474E-01,
  "asym": 7.54048382434761E-02,
  "ann1": 1.27134255465875E-02,
  "ann2": -8.13183982352874E-01,
  "sem1": -5.50754685250096E-03,
  "sem2": 8.89462641442824E-01,
  "year": 3.45535780738757E-05,
  "IR": -0.00000000000000E+00,
  "ma": -0.00000000000000E+00,
  "mp": -1.21141357490220E-04,
  "shfT": -0.00000000000000E+00,
  "init": -2.67511157841741E-03,
  "ltep": [
    -8.59290368216750E+00,
    -2.39156441195874E+01
  ],
  "harm": [
    1.30000000000000E+01,
    1.90000000000000E+01,
    1.20000000000000E+01
  ]
}
