{
  "offs": 0.00000000000000E+00,
  "bg": 1.41437985956983E-04,
  "impA": 0.00000000000000E+00,
  "impB": 0.00000000000000E+00,
  "impC": 0.00000000000000E+00,
  "delA": 4.53769188722220E+00,
  "delB": 7.98735733164474E-01,
  "asym": 7.23156837222933E-02,
  "ann1": 1.25891413752934E-02,
  "ann2": 7.31570655324635E-01,
  "sem1": 5.19693226735256E-03,
  "sem2": -8.12024901042399E-01,
  "year": -2.79267640132886E-05,
  "IR": -0.00000000000000E+00,
  "ma": -0.00000000000000E+00,
  "mp": -1.21546367506625E-04,
  "shfT": -0.00000000000000E+00,
  "init": -2.62740105602191E-03,
  "ltep": [
    6.97682362825684E+00,
    2.39037571379642E+01
  ],
  "harm": [
    4.00000000000000E+00,
    1.90000000000000E+01
  ]
}
