{
  "offs": 0.00000000000000E+00,
  "bg": 1.41450296293995E-04,
  "impA": 0.00000000000000E+00,
  "impB": 0.00000000000000E+00,
  "impC": 0.00000000000000E+00,
  "delA": 4.53784564958661E+00,
  "delB": 7.98735733164474E-01,
  "asym": 7.20550042899175E-02,
  "ann1": 1.63879603111443E-02,
  "ann2": -5.64734769630224E-01,
  "sem1": -4.46483273236939E-03,
  "sem2": 7.60934348338950E-01,
  "year": -2.79267640132886E-05,
  "IR": -0.00000000000000E+00,
  "ma": -0.00000000000000E+00,
  "mp": -1.12538483197357E-04,
  "shfT": -0.00000000000000E+00,
  "init": -2.81105365926620E-03,
  "ltep": [
    1.22910379251005E+01,
    2.36651033693866E+01
  ],
  "harm": [
    2.30000000000000E+01,
    1.90000000000000E+01
  ]
}
