{
  "offs": 0.00000000000000E+00,
  "bg": 1.41450296293995E-04,
  "impA": 0.00000000000000E+00,
  "impB": 0.00000000000000E+00,
  "impC": 0.00000000000000E+00,
  "delA": 4.55012029619465E+00,
  "delB": 7.98735733164474E-01,
  "asym": -1.29464637031540E-02,
  "ann1": 3.16121442086833E+00,
  "ann2": -9.54180159128690E-01,
  "sem1": 1.69304457345893E+00,
  "sem2": -7.97907030314142E-01,
  "year": -2.79267640132886E-05,
  "IR": -0.00000000000000E+00,
  "ma": -0.00000000000000E+00,
  "mp": -7.58994625551146E-05,
  "shfT": -0.00000000000000E+00,
  "init": -1.39072485354718E-04,
  "ltep": [
    2.34712922349982E+01,
    9.47244260839180E+00
  ],
  "harm": [
    1.00000000000000E+01,
    1.80000000000000E+01
  ]
}
