{
  "offs": 0.00000000000000E+00,
  "bg": 1.41450296293995E-04,
  "impA": 0.00000000000000E+00,
  "impB": 0.00000000000000E+00,
  "impC": 0.00000000000000E+00,
  "delA": 4.57492072578578E+00,
  "delB": 7.98735733164474E-01,
  "asym": 8.63417596431297E-02,
  "ann1": 2.13842936961514E-02,
  "ann2": 1.59232279864870E+00,
  "sem1": -2.72330967218503E-02,
  "sem2": 1.11852556412568E+00,
  "year": -2.79256695719799E-05,
  "IR": -0.00000000000000E+00,
  "ma": -0.00000000000000E+00,
  "mp": 1.16365188365792E-04,
  "shfT": -0.00000000000000E+00,
  "init": -3.61953070386984E-03,
  "ltep": [
    1.89277084225948E+00,
    2.36412356051624E+01
  ],
  "harm": [
    3.00000000000000E+00,
    2.00000000000000E+01
  ]
}
