{
  "offs": 0.00000000000000E+00,
  "bg": 1.41450296293995E-04,
  "impA": 0.00000000000000E+00,
  "impB": 0.00000000000000E+00,
  "impC": 0.00000000000000E+00,
  "delA": 4.62128432994843E+00,
  "delB": 7.98735733164474E-01,
  "asym": -1.16685900228013E-02,
  "ann1": 3.56612727828018E+00,
  "ann2": -1.09721025289147E+00,
  "sem1": 2.07080804967121E+00,
  "sem2": -5.32539589245656E-01,
  "year": -2.79267640132886E-05,
  "IR": -0.00000000000000E+00,
  "ma": -0.00000000000000E+00,
  "mp": -7.40136535000384E-05,
  "shfT": -0.00000000000000E+00,
  "init": -1.40853908571116E-04,
  "ltep": [
    2.27540740098474E+01,
    6.98977043202492E+00
  ],
  "harm": [
    8.00000000000000E+00,
    2.40000000000000E+01
  ]
}
