{
  "offs": 0.00000000000000E+00,
  "bg": 1.41450296293995E-04,
  "impA": 0.00000000000000E+00,
  "impB": 0.00000000000000E+00,
  "impC": 0.00000000000000E+00,
  "delA": 4.56125913205262E+00,
  "delB": 7.98735733164474E-01,
  "asym": -1.19648825022668E-02,
  "ann1": 2.25796809442668E+00,
  "ann2": 1.24235323187631E+00,
  "sem1": 1.37467916398324E+00,
  "sem2": -1.01732830513341E+00,
  "year": -2.79267640132886E-05,
  "IR": -0.00000000000000E+00,
  "ma": -0.00000000000000E+00,
  "mp": -7.63040499823357E-05,
  "shfT": -0.00000000000000E+00,
  "init": -1.38067533664443E-04,
  "ltep": [
    2.30980338409201E+01,
    9.49582857904496E+00
  ],
  "harm": [
    8.00000000000000E+00,
    2.40000000000000E+01
  ]
}
