{
  "offs": 0.00000000000000E+00,
  "bg": 1.41450296293995E-04,
  "impA": 0.00000000000000E+00,
  "impB": 0.00000000000000E+00,
  "impC": 0.00000000000000E+00,
  "delA": 4.56065652556133E+00,
  "delB": 7.98735733164474E-01,
  "asym": -1.42138475671689E-02,
  "ann1": 3.23623146242031E+00,
  "ann2": -9.46640538873466E-01,
  "sem1": 1.49648713715463E+00,
  "sem2": -7.68855489482220E-01,
  "year": -2.79267640132886E-05,
  "IR": -0.00000000000000E+00,
  "ma": -0.00000000000000E+00,
  "mp": -7.81369333676943E-05,
  "shfT": -0.00000000000000E+00,
  "init": -1.38044465672276E-04,
  "ltep": [
    2.30948426617842E+01,
    9.47768447417076E+00
  ],
  "harm": [
    8.00000000000000E+00,
    2.40000000000000E+01
  ]
}
