{
  "offs": 0.00000000000000E+00,
  "bg": 1.41450296293995E-04,
  "impA": 0.00000000000000E+00,
  "impB": 0.00000000000000E+00,
  "impC": 0.00000000000000E+00,
  "delA": 4.54582690048765E+00,
  "delB": 7.98735733164474E-01,
  "asym": -1.10210585991141E-02,
  "ann1": 3.83278215370589E+00,
  "ann2": -6.06726469304567E-01,
  "sem1": 1.10214242901490E+00,
  "sem2": -9.70263790891078E-01,
  "year": -2.79267640132886E-05,
  "IR": -0.00000000000000E+00,
  "ma": -0.00000000000000E+00,
  "mp": -7.54151841599634E-05,
  "shfT": -0.00000000000000E+00,
  "init": -1.50000241375018E-04,
  "ltep": [
    2.62076143343061E+01,
    9.47542370485862E+00
  ],
  "harm": [
    8.00000000000000E+00,
    1.60000000000000E+01
  ]
}
