{
  "offs": 0.00000000000000E+00,
  "bg": 1.41450296293995E-04,
  "impA": 0.00000000000000E+00,
  "impB": 0.00000000000000E+00,
  "impC": 0.00000000000000E+00,
  "delA": 4.56048104764622E+00,
  "delB": 7.98735733164474E-01,
  "asym": -1.41782592150260E-02,
  "ann1": 4.06709949820247E+00,
  "ann2": -1.11058256338477E+00,
  "sem1": 1.96951110962395E+00,
  "sem2": -6.56386804994285E-01,
  "year": -2.79267640132886E-05,
  "IR": -0.00000000000000E+00,
  "ma": -0.00000000000000E+00,
  "mp": 7.71915549043757E-05,
  "shfT": -0.00000000000000E+00,
  "init": -1.42406444719788E-04,
  "ltep": [
    2.30251998675894E+01,
    9.47224227601963E+00
  ],
  "harm": [
    2.00000000000000E+01,
    2.40000000000000E+01
  ]
}
