{
  "offs": 0.00000000000000E+00,
  "bg": 1.41450296293995E-04,
  "impA": 0.00000000000000E+00,
  "impB": 0.00000000000000E+00,
  "impC": 0.00000000000000E+00,
  "delA": 4.55195483966730E+00,
  "delB": 7.98735733164474E-01,
  "asym": -1.30135655698801E-02,
  "ann1": 3.34386062262122E+00,
  "ann2": -9.76861732144019E-01,
  "sem1": 1.31496662741690E+00,
  "sem2": -7.78554281762102E-01,
  "year": -2.79267640132886E-05,
  "IR": -0.00000000000000E+00,
  "ma": -0.00000000000000E+00,
  "mp": -7.80468314449634E-05,
  "shfT": -0.00000000000000E+00,
  "init": -1.43373576761418E-04,
  "ltep": [
    2.28816721863512E+01,
    9.45242071665920E+00
  ],
  "harm": [
    1.20000000000000E+01,
    2.40000000000000E+01
  ]
}
