{
  "offs": 0.00000000000000E+00,
  "bg": 1.41450296293995E-04,
  "impA": 0.00000000000000E+00,
  "impB": 0.00000000000000E+00,
  "impC": 0.00000000000000E+00,
  "delA": 4.54846922509323E+00,
  "delB": 7.98735733164474E-01,
  "asym": -1.00533661067114E-02,
  "ann1": 4.26330608990397E+00,
  "ann2": -1.29485467751925E+00,
  "sem1": 1.72701129062961E+00,
  "sem2": 7.46148631329033E-01,
  "year": -2.79267640132886E-05,
  "IR": -0.00000000000000E+00,
  "ma": -0.00000000000000E+00,
  "mp": -7.99075231700395E-05,
  "shfT": -0.00000000000000E+00,
  "init": -1.22089601212979E-04,
  "ltep": [
    -2.28966150264711E+01,
    9.49124650522674E+00
  ],
  "harm": [
    1.00000000000000E+01,
    2.40000000000000E+01
  ]
}
