{
  "offs": 0.00000000000000E+00,
  "bg": 1.41450296293995E-04,
  "impA": 0.00000000000000E+00,
  "impB": 0.00000000000000E+00,
  "impC": 0.00000000000000E+00,
  "delA": 4.56793500142198E+00,
  "delB": 7.98735733164474E-01,
  "asym": -1.46202166658606E-02,
  "ann1": 3.28774700176957E+00,
  "ann2": -9.77444957256223E-01,
  "sem1": 1.44148161323449E+00,
  "sem2": -7.17959704452957E-01,
  "year": -2.79267640132886E-05,
  "IR": -0.00000000000000E+00,
  "ma": -0.00000000000000E+00,
  "mp": -7.53701555311263E-05,
  "shfT": -0.00000000000000E+00,
  "init": -1.40483579700266E-04,
  "ltep": [
    2.38437494992589E+01,
    9.46101615104203E+00
  ],
  "harm": [
    9.00000000000000E+00,
    2.40000000000000E+01
  ]
}
