{
  "offs": 0.00000000000000E+00,
  "bg": 1.41450296293995E-04,
  "impA": 0.00000000000000E+00,
  "impB": 0.00000000000000E+00,
  "impC": 0.00000000000000E+00,
  "delA": 4.53354986894528E+00,
  "delB": 7.98735733164474E-01,
  "asym": 7.68233758732214E-02,
  "ann1": 4.06270795392912E-02,
  "ann2": -1.09473720782514E+00,
  "sem1": 1.03647131036732E-02,
  "sem2": 1.18036388576939E+00,
  "year": -2.79267640132886E-05,
  "IR": -0.00000000000000E+00,
  "ma": -0.00000000000000E+00,
  "mp": -1.11262058751128E-04,
  "shfT": -0.00000000000000E+00,
  "init": -2.90708765179654E-03,
  "ltep": [
    -1.30927707361493E+01,
    -2.36718221692012E+01
  ],
  "harm": [
    3.90000000000000E+01,
    1.90000000000000E+01
  ]
}
