{
  "offs": 0.00000000000000E+00,
  "bg": 1.41450296293995E-04,
  "impA": 0.00000000000000E+00,
  "impB": 0.00000000000000E+00,
  "impC": 0.00000000000000E+00,
  "delA": 4.54105159648372E+00,
  "delB": 7.98735733164474E-01,
  "asym": 6.23996758495790E-02,
  "ann1": 1.98442480895509E-02,
  "ann2": 3.68508757705716E-01,
  "sem1": -3.84403305011915E-03,
  "sem2": 1.01217681322624E+00,
  "year": -2.79267640132886E-05,
  "IR": -0.00000000000000E+00,
  "ma": -0.00000000000000E+00,
  "mp": -1.10316866352181E-04,
  "shfT": -0.00000000000000E+00,
  "init": -2.68285867164468E-03,
  "ltep": [
    6.54535453580339E+00,
    2.37465498742195E+01
  ],
  "harm": [
    1.10000000000000E+01,
    9.00000000000000E+00
  ]
}
