{
  "offs": 0.00000000000000E+00,
  "bg": 1.41450296293995E-04,
  "impA": 0.00000000000000E+00,
  "impB": 0.00000000000000E+00,
  "impC": 0.00000000000000E+00,
  "delA": 4.54065864416874E+00,
  "delB": 7.98735733164474E-01,
  "asym": 6.15461561852664E-02,
  "ann1": -2.08659980633356E-02,
  "ann2": 3.53047871001987E-01,
  "sem1": -3.18144390406944E-03,
  "sem2": 8.47987136396469E-01,
  "year": -2.79267640132886E-05,
  "IR": -0.00000000000000E+00,
  "ma": -0.00000000000000E+00,
  "mp": -1.14433801473573E-04,
  "shfT": -0.00000000000000E+00,
  "init": -2.59035169168585E-03,
  "ltep": [
    6.25483133749738E+00,
    2.37397726898311E+01
  ],
  "harm": [
    1.10000000000000E+01,
    9.00000000000000E+00
  ]
}
