{
  "offs": 0.00000000000000E+00,
  "bg": 1.41450296293995E-04,
  "impA": 0.00000000000000E+00,
  "impB": 0.00000000000000E+00,
  "impC": 0.00000000000000E+00,
  "delA": 4.54103305635995E+00,
  "delB": 7.98735733164474E-01,
  "asym": 6.09913701294078E-02,
  "ann1": -2.22432756492856E-02,
  "ann2": 3.48318228585155E-01,
  "sem1": -3.17376947830225E-03,
  "sem2": 8.64640336225084E-01,
  "year": -2.79267640132886E-05,
  "IR": -0.00000000000000E+00,
  "ma": -0.00000000000000E+00,
  "mp": -1.17049845845290E-04,
  "shfT": -0.00000000000000E+00,
  "init": -2.37977647510481E-03,
  "ltep": [
    6.29077680326387E+00,
    2.37565455856376E+01
  ],
  "harm": [
    1.10000000000000E+01,
    9.00000000000000E+00
  ]
}
