{
  "offs": 0.00000000000000E+00,
  "bg": 1.41450296293995E-04,
  "impA": 0.00000000000000E+00,
  "impB": 0.00000000000000E+00,
  "impC": 0.00000000000000E+00,
  "delA": 4.53367366540929E+00,
  "delB": 7.98735733164474E-01,
  "asym": 7.38144589146778E-02,
  "ann1": -1.60989608000857E-02,
  "ann2": -5.26176867865094E-01,
  "sem1": -4.24725770179358E-03,
  "sem2": 7.45812886512414E-01,
  "year": -2.79267640132886E-05,
  "IR": -0.00000000000000E+00,
  "ma": -0.00000000000000E+00,
  "mp": -1.12900143057696E-04,
  "shfT": -0.00000000000000E+00,
  "init": -2.82045104822608E-03,
  "ltep": [
    1.16581191045917E+01,
    2.36781795235109E+01
  ],
  "harm": [
    3.30000000000000E+01,
    1.90000000000000E+01
  ]
}
