{
  "offs": 0.00000000000000E+00,
  "bg": 1.41450296293995E-04,
  "impA": 0.00000000000000E+00,
  "impB": 0.00000000000000E+00,
  "impC": 0.00000000000000E+00,
  "delA": 4.31667068321116E+00,
  "delB": 7.98735733164474E-01,
  "asym": -5.03579965563801E-03,
  "ann1": -3.29572491536492E-02,
  "ann2": 5.85042449311923E-01,
  "sem1": 1.13520465228691E-02,
  "sem2": -2.38132543222569E+00,
  "year": -3.68350763463861E-05,
  "IR": -0.00000000000000E+00,
  "ma": -0.00000000000000E+00,
  "mp": 9.09556672303751E-05,
  "shfT": -0.00000000000000E+00,
  "init": 4.37710626080513E-04,
  "ltep": [
    2.32260276488162E+01,
    -7.03672905230573E+00
  ],
  "harm": [
    3.10000000000000E+01,
    4.40000000000000E+01,
    1.70000000000000E+01
  ]
}
