{
  "offs": 0.00000000000000E+00,
  "bg": 1.41450296293995E-04,
  "impA": 0.00000000000000E+00,
  "impB": 0.00000000000000E+00,
  "impC": 0.00000000000000E+00,
  "delA": 4.55446254912262E+00,
  "delB": 7.98735733164474E-01,
  "asym": -1.32700659729836E-02,
  "ann1": 3.17566596352016E+00,
  "ann2": -1.00103133895526E+00,
  "sem1": -1.60440472478121E+00,
  "sem2": -7.45138140032788E-01,
  "year": -2.79267640132886E-05,
  "IR": -0.00000000000000E+00,
  "ma": -0.00000000000000E+00,
  "mp": -7.21687012384611E-05,
  "shfT": -0.00000000000000E+00,
  "init": 1.48222750111458E-04,
  "ltep": [
    2.36487495435781E+01,
    9.46839712332536E+00
  ],
  "harm": [
    8.00000000000000E+00,
    2.40000000000000E+01
  ]
}
