{
  "offs": 0.00000000000000E+00,
  "bg": 1.41450296293995E-04,
  "impA": 0.00000000000000E+00,
  "impB": 0.00000000000000E+00,
  "impC": 0.00000000000000E+00,
  "delA": 4.53693947290229E+00,
  "delB": 7.98735733164474E-01,
  "asym": 8.49200253401842E-02,
  "ann1": -6.56350861650785E-04,
  "ann2": 1.99267169712947E+00,
  "sem1": 1.16071966610130E-01,
  "sem2": 1.98063133937442E-01,
  "year": -2.79267640132886E-05,
  "IR": -0.00000000000000E+00,
  "ma": -0.00000000000000E+00,
  "mp": -1.04670046726643E-04,
  "shfT": -0.00000000000000E+00,
  "init": -2.72896382711789E-03,
  "ltep": [
    5.88314364120296E+00,
    2.37120486963391E+01
  ],
  "harm": [
    2.30000000000000E+01,
    1.90000000000000E+01,
    1.20000000000000E+01
  ]
}
