{
  "offs": 0.00000000000000E+00,
  "bg": 1.41450296293995E-04,
  "impA": 0.00000000000000E+00,
  "impB": 0.00000000000000E+00,
  "impC": 0.00000000000000E+00,
  "delA": 4.56959662777873E+00,
  "delB": 7.98735733164474E-01,
  "asym": -1.39027648294787E-02,
  "ann1": 3.12261784306487E+00,
  "ann2": -9.68928244115646E-01,
  "sem1": 1.55434637758267E+00,
  "sem2": -7.97331840220118E-01,
  "year": -2.79267640132886E-05,
  "IR": -0.00000000000000E+00,
  "ma": -0.00000000000000E+00,
  "mp": -7.57423965770592E-05,
  "shfT": -0.00000000000000E+00,
  "init": -1.36809497251147E-04,
  "ltep": [
    2.24231152655934E+01,
    9.45963012928375E+00
  ],
  "harm": [
    8.00000000000000E+00,
    2.40000000000000E+01
  ]
}
