{
  "offs": 0.00000000000000E+00,
  "bg": 1.41450296293995E-04,
  "impA": 0.00000000000000E+00,
  "impB": 0.00000000000000E+00,
  "impC": 0.00000000000000E+00,
  "delA": 4.55813672071425E+00,
  "delB": 7.98735733164474E-01,
  "asym": 3.76107704689219E-03,
  "ann1": 1.01095158963172E+00,
  "ann2": 1.43041160199343E+00,
  "sem1": 4.94207669929502E-01,
  "sem2": 1.44833225895893E+00,
  "year": -2.79267640132886E-05,
  "IR": -0.00000000000000E+00,
  "ma": -0.00000000000000E+00,
  "mp": -7.55087016723921E-05,
  "shfT": -0.00000000000000E+00,
  "init": -1.29633553908578E-04,
  "ltep": [
    -2.00123630478813E+01,
    9.49269743561809E+00
  ],
  "harm": [
    3.00000000000000E+01,
    2.50000000000000E+01
  ]
}
