{
  "offs": 0.00000000000000E+00,
  "bg": 1.41450296293995E-04,
  "impA": 0.00000000000000E+00,
  "impB": 0.00000000000000E+00,
  "impC": 0.00000000000000E+00,
  "delA": 4.50295246329945E+00,
  "delB": 7.98735733164474E-01,
  "asym": -1.82001114689522E-03,
  "ann1": 1.04247613609918E+00,
  "ann2": -3.27427002937265E+00,
  "sem1": -3.47010642234834E+00,
  "sem2": 1.36525743239366E+00,
  "year": -2.79267640132886E-05,
  "IR": -0.00000000000000E+00,
  "ma": -0.00000000000000E+00,
  "mp": -5.47695337363144E-05,
  "shfT": -0.00000000000000E+00,
  "init": -9.22019302414219E-05,
  "ltep": [
    -2.42047738646068E+01,
    8.15683481935921E+00
  ],
  "harm": [
    2.00000000000000E+01,
    3.00000000000000E+01
  ]
}
