{
  "offs": 0.00000000000000E+00,
  "bg": 1.41450296293995E-04,
  "impA": 0.00000000000000E+00,
  "impB": 0.00000000000000E+00,
  "impC": 0.00000000000000E+00,
  "delA": 4.51183527244100E+00,
  "delB": 7.98735733164474E-01,
  "asym": -6.69435133603339E-03,
  "ann1": 1.80099372667550E+00,
  "ann2": -3.45483740494916E+00,
  "sem1": -2.02858348011525E+00,
  "sem2": 1.11500240319170E+00,
  "year": -2.79267640132886E-05,
  "IR": -0.00000000000000E+00,
  "ma": -0.00000000000000E+00,
  "mp": 5.02625469336032E-05,
  "shfT": -0.00000000000000E+00,
  "init": -1.37384021532654E-04,
  "ltep": [
    2.41365551585144E+01,
    8.15138039559245E+00
  ],
  "harm": [
    2.00000000000000E+01,
    3.00000000000000E+01
  ]
}
