{
  "offs": 0.00000000000000E+00,
  "bg": 1.41450296293995E-04,
  "impA": 0.00000000000000E+00,
  "impB": 0.00000000000000E+00,
  "impC": 0.00000000000000E+00,
  "delA": 4.50295246329945E+00,
  "delB": 7.98735733164474E-01,
  "asym": -1.87141521416049E-03,
  "ann1": 1.04237392385441E+00,
  "ann2": -3.27107876124038E+00,
  "sem1": -3.49953657878616E+00,
  "sem2": 1.36465147049882E+00,
  "year": -2.79267640132886E-05,
  "IR": -0.00000000000000E+00,
  "ma": -0.00000000000000E+00,
  "mp": -5.46069902287787E-05,
  "shfT": -0.00000000000000E+00,
  "init": -9.24039755222325E-05,
  "ltep": [
    -2.44868552485745E+01,
    8.15206389251340E+00
  ],
  "harm": [
    2.00000000000000E+01,
    3.00000000000000E+01
  ]
}
