{
  "offs": 0.00000000000000E+00,
  "bg": 1.41450296293995E-04,
  "impA": 0.00000000000000E+00,
  "impB": 0.00000000000000E+00,
  "impC": 0.00000000000000E+00,
  "delA": 4.50232548660896E+00,
  "delB": 7.98735733164474E-01,
  "asym": -1.92208003439987E-03,
  "ann1": 1.04333316959821E+00,
  "ann2": -3.21837350274119E+00,
  "sem1": -3.49976329429989E+00,
  "sem2": 1.33476498402016E+00,
  "year": -2.79267640132886E-05,
  "IR": -0.00000000000000E+00,
  "ma": -0.00000000000000E+00,
  "mp": -5.41524951391627E-05,
  "shfT": -0.00000000000000E+00,
  "init": -9.17594789199718E-05,
  "ltep": [
    -2.45782363989666E+01,
    8.14800483862152E+00
  ],
  "harm": [
    2.00000000000000E+01,
    3.00000000000000E+01
  ]
}
