{
  "offs": 0.00000000000000E+00,
  "bg": 1.41450296293995E-04,
  "impA": 0.00000000000000E+00,
  "impB": 0.00000000000000E+00,
  "impC": 0.00000000000000E+00,
  "delA": 4.50275373563207E+00,
  "delB": 7.98735733164474E-01,
  "asym": -1.88193093907059E-03,
  "ann1": 1.04033019335532E+00,
  "ann2": -3.24055828914991E+00,
  "sem1": -3.49961183400898E+00,
  "sem2": 1.35533228276899E+00,
  "year": -2.79267640132886E-05,
  "IR": -0.00000000000000E+00,
  "ma": -0.00000000000000E+00,
  "mp": -5.42131017925113E-05,
  "shfT": -0.00000000000000E+00,
  "init": -9.23457842621749E-05,
  "ltep": [
    -2.44739435868149E+01,
    8.14659216849153E+00
  ],
  "harm": [
    2.00000000000000E+01,
    3.00000000000000E+01
  ]
}
