{
  "offs": 0.00000000000000E+00,
  "bg": 1.41450296293995E-04,
  "impA": 0.00000000000000E+00,
  "impB": 0.00000000000000E+00,
  "impC": 0.00000000000000E+00,
  "delA": 4.55223328472406E+00,
  "delB": 7.98735733164474E-01,
  "asym": -1.33985719163639E-02,
  "ann1": 3.12687764918743E+00,
  "ann2": -9.11381512381426E-01,
  "sem1": -1.51276866400916E+00,
  "sem2": 7.76070532097714E-01,
  "year": -2.79267640132886E-05,
  "IR": -0.00000000000000E+00,
  "ma": -0.00000000000000E+00,
  "mp": -7.32826725269080E-05,
  "shfT": -0.00000000000000E+00,
  "init": -1.40620969616067E-04,
  "ltep": [
    2.38589746610022E+01,
    9.46339349990268E+00
  ],
  "harm": [
    2.00000000000000E+01,
    2.70000000000000E+01
  ]
}
