offs    0.11318055555
bg      0.00014123808
impA    0.12138307936
impB   -0.05039337129
impC   -0.01604059287
delA    0.83846460409
delB    0.28335131774
asym    0.00358924202
ann1    0.04485911280
ann2   -3.70260046676
sem1   -0.06251061927
sem2    7.66125250780
year   -0.00002784885
IR      0.26483548723
ma      0.00335511586
mp      0.00165204373
shfT    0.00000000000
init    0.07732816883
   27.32166155400   0.01078968492   5.08483990359
   27.21222081500   0.01787277001  -2.40582724511
 1095.17502233364  -0.04260848868  -4.09921919465
    9.08286783775  -0.01417379557   4.61103540311
    6.81670784238   0.00329551098  -2.31483514044
   13.63341568476   0.12762460710   0.56951100468
   13.66083077700   0.34822483616  -0.18300121787
   13.60611040750   0.02408279152   0.15065810922
   27.55454988600   0.06724826450  -0.44254731142
   13.77727494300   0.02659337630   2.22690526814
 6793.47648813065  -0.00762272274  -1.51115820043
 1616.30271425126   0.02732947681  -2.26445273282
   27.09267692660   0.00569396558  -2.65906114686
    9.09502787633   0.00820311790  -3.35664477561
   13.69115772864  -0.03245946958   1.17158598962
 1305.66025845931   0.01642495514   1.90558536159
   27.44323926226  -0.01124398835  -3.37060642386
   27.66676714572   0.03532803319   2.22652723754
 2190.35004466729   0.03759523659  -1.22837123587
   26.98505934729   0.05464472958  -0.10911800308
 6167.20701373239   0.00186443680  -0.42759929845
 -3232.60542850251  -0.01259984837   3.40455564400
 -2120.90900683440   0.01353503957   2.98438055275
   27.33282433123   0.02082126816   0.01918269753
   13.71880577217  -0.00772329327   1.02613071573
    9.13295078376   0.08437854040   2.78321592000
    9.12068919638   0.03422754792  -2.67034645856
    9.10846048884   0.01332516662   1.23875684970
 3396.73824406533   0.00603975167  -2.16969728125
 1656.31999626209  -0.00719182542   1.04371537947
   27.10365333842   0.01696146599  -0.57688552455
ltep   -0.88449155540
ltep    3.14691477616
ltep   18.68216048000
ltep  100.00000000000
ltep   10.00000000000
ltep  200.00000000000
ltep  600.00000000000
ltep   70.00000000000
ltep  150.00000000000
ltep  400.00000000000
ltep    0.50000000000
harm  4
harm  2
harm  5
harm  24
harm  20
harm  25
harm  0
