{
  "offs": 0.00000000000000E+00,
  "bg": 1.41450296293995E-04,
  "impA": 0.00000000000000E+00,
  "impB": 0.00000000000000E+00,
  "impC": 0.00000000000000E+00,
  "delA": 4.58605846614615E+00,
  "delB": 7.98735733164474E-01,
  "asym": 8.64731611301272E-02,
  "ann1": 2.14490640462333E-02,
  "ann2": 1.60140901905009E+00,
  "sem1": -2.72695810724736E-02,
  "sem2": 1.11927232246910E+00,
  "year": -2.79256695719799E-05,
  "IR": -0.00000000000000E+00,
  "ma": -0.00000000000000E+00,
  "mp": 1.15399095650774E-04,
  "shfT": -0.00000000000000E+00,
  "init": -3.62234820877806E-03,
  "ltep": [
    1.88832877069576E+00,
    2.36443200908195E+01
  ],
  "harm": [
    3.00000000000000E+00,
    2.00000000000000E+01
  ]
}
