offs    0.16892495739
bg      0.00014123808
impA    0.15264534596
impB   -0.05166022726
impC   -0.00350015908
delA    0.82642362766
delB    0.28335131774
asym    0.00854599404
ann1    0.15325758529
ann2    4.58029561317
sem1   -0.10523148492
sem2   15.45036011769
year   -0.00002784885
IR      0.04514205136
ma      0.00326495091
mp     -0.00183002719
shfT    0.00000000000
init    0.07798558423
   27.32166155400   0.02261887958   4.09738918551
   27.21222081500   0.00895627507  -3.28373097334
 1095.17502233364  -0.01151565893  -3.90912629746
    9.08286783775  -0.03066200316   4.84304636878
    6.81670784238   0.00536764543  -0.60022478878
   13.63341568476   0.11417104270   0.70393250819
   13.66083077700   0.30840224399  -0.21579409099
   13.60611040750   0.01625707741   0.49592836948
   27.55454988600   0.06665471869  -0.36403315402
   13.77727494300   0.02081170802   1.51581265529
 6793.47648813065  -0.00289082672  -2.36904017004
 1616.30271425126   0.01402936280  -2.07019693325
   27.09267692660   0.02124662534  -1.18143973424
    9.09502787633   0.00721227784  -3.11273370143
   13.69115772864  -0.04020183560   0.93139479966
 1305.66025845931   0.00937594306   1.82403633237
   27.44323926226  -0.01319046972  -2.08396550452
   27.66676714572   0.03042075130   2.87494387666
 2190.35004466729   0.02511515262  -1.97686677663
   26.98505934729   0.04809064112  -0.30889061021
 6167.20701373239   0.00341945729   0.93096790279
 -3232.60542850251  -0.00393314319   5.47166122266
 -2120.90900683440   0.00694851438   3.99424637827
   27.33282433123   0.02237668909  -0.00282860275
   13.71880577217  -0.02726555163  -1.72553790226
    9.13295078376   0.08377430863   2.79367584634
    9.12068919638   0.04861142985  -2.68083346434
    9.10846048884   0.01503436276   2.40357677185
 3396.73824406533   0.00859371297  -1.11975559248
 1656.31999626209  -0.02137590982   0.72792025394
   27.10365333842   0.01032470795   0.44338170487
ltep    0.97116940475
ltep    3.28571168802
ltep   18.68216048000
ltep  100.00000000000
ltep   10.00000000000
ltep  200.00000000000
ltep  600.00000000000
ltep   70.00000000000
ltep  150.00000000000
ltep  400.00000000000
ltep    0.50000000000
harm  4
harm  2
harm  5
harm  24
harm  20
harm  25
harm  0
