{
  "offs": 0.00000000000000E+00,
  "bg": 1.41450296293995E-04,
  "impA": 0.00000000000000E+00,
  "impB": 0.00000000000000E+00,
  "impC": 0.00000000000000E+00,
  "delA": 4.56751596970169E+00,
  "delB": 7.98735733164474E-01,
  "asym": -1.32751152093041E-02,
  "ann1": 3.02991025209985E+00,
  "ann2": -1.11232489270570E+00,
  "sem1": 1.92737035031005E+00,
  "sem2": -7.07123724053886E-01,
  "year": -2.79267640132886E-05,
  "IR": -0.00000000000000E+00,
  "ma": -0.00000000000000E+00,
  "mp": -7.56334998260331E-05,
  "shfT": -0.00000000000000E+00,
  "init": -1.49225178608557E-04,
  "ltep": [
    2.31693954866055E+01,
    9.46820649599216E+00
  ],
  "harm": [
    8.00000000000000E+00,
    2.40000000000000E+01
  ]
}
