{
  "offs": 0.00000000000000E+00,
  "bg": 1.41450296293995E-04,
  "impA": 0.00000000000000E+00,
  "impB": 0.00000000000000E+00,
  "impC": 0.00000000000000E+00,
  "delA": 4.56026779428404E+00,
  "delB": 7.98735733164474E-01,
  "asym": -1.38764407002577E-02,
  "ann1": -3.14338625254256E+00,
  "ann2": -9.46264660739615E-01,
  "sem1": 1.52199792669002E+00,
  "sem2": -7.94333638552823E-01,
  "year": -2.79267640132886E-05,
  "IR": -0.00000000000000E+00,
  "ma": -0.00000000000000E+00,
  "mp": -7.75801706785055E-05,
  "shfT": -0.00000000000000E+00,
  "init": -1.34404458402795E-04,
  "ltep": [
    2.32291900817249E+01,
    9.46764251244510E+00
  ],
  "harm": [
    8.00000000000000E+00,
    2.40000000000000E+01
  ]
}
