{
  "offs": 0.00000000000000E+00,
  "bg": 1.41450296293995E-04,
  "impA": 0.00000000000000E+00,
  "impB": 0.00000000000000E+00,
  "impC": 0.00000000000000E+00,
  "delA": 4.57380363112184E+00,
  "delB": 7.98735733164474E-01,
  "asym": -1.46899386245294E-02,
  "ann1": 3.16608745287369E+00,
  "ann2": -1.03504942861861E+00,
  "sem1": 1.50562071112768E+00,
  "sem2": -7.89932999641710E-01,
  "year": -2.79267640132886E-05,
  "IR": -0.00000000000000E+00,
  "ma": -0.00000000000000E+00,
  "mp": -7.38057679194102E-05,
  "shfT": -0.00000000000000E+00,
  "init": -1.31186841516633E-04,
  "ltep": [
    2.35025142264259E+01,
    9.46237065866192E+00
  ],
  "harm": [
    8.00000000000000E+00,
    2.40000000000000E+01
  ]
}
