{
  "offs": 0.00000000000000E+00,
  "bg": 1.41450296293995E-04,
  "impA": 0.00000000000000E+00,
  "impB": 0.00000000000000E+00,
  "impC": 0.00000000000000E+00,
  "delA": 4.56562071557570E+00,
  "delB": 7.98735733164474E-01,
  "asym": -1.40676989003885E-02,
  "ann1": 2.70821833458218E+00,
  "ann2": -9.70101424909913E-01,
  "sem1": 1.70225513538537E+00,
  "sem2": -7.74558950622408E-01,
  "year": -2.79267640132886E-05,
  "IR": -0.00000000000000E+00,
  "ma": -0.00000000000000E+00,
  "mp": 7.98088274506800E-05,
  "shfT": -0.00000000000000E+00,
  "init": -1.43935106211051E-04,
  "ltep": [
    2.32792080611926E+01,
    9.49020953765972E+00
  ],
  "harm": [
    8.00000000000000E+00,
    2.40000000000000E+01
  ]
}
