{
  "offs": 0.00000000000000E+00,
  "bg": 1.41450296293995E-04,
  "impA": 0.00000000000000E+00,
  "impB": 0.00000000000000E+00,
  "impC": 0.00000000000000E+00,
  "delA": 4.55539497504259E+00,
  "delB": 7.98735733164474E-01,
  "asym": -1.28254706154667E-02,
  "ann1": 2.88757034174462E+00,
  "ann2": -1.02079861294404E+00,
  "sem1": 1.39386978621530E+00,
  "sem2": 8.31322315874183E-01,
  "year": -2.79267640132886E-05,
  "IR": -0.00000000000000E+00,
  "ma": -0.00000000000000E+00,
  "mp": -7.76499367742184E-05,
  "shfT": -0.00000000000000E+00,
  "init": -1.47300318295085E-04,
  "ltep": [
    2.33687841457080E+01,
    8.77654616912977E+01,
    9.44360794191544E+00
  ],
  "harm": [
    1.40000000000000E+01,
    2.40000000000000E+01
  ]
}
