{
  "offs": 0.00000000000000E+00,
  "bg": 1.41450296293995E-04,
  "impA": 0.00000000000000E+00,
  "impB": 0.00000000000000E+00,
  "impC": 0.00000000000000E+00,
  "delA": 4.54535527094323E+00,
  "delB": 7.98735733164474E-01,
  "asym": -1.34275947514049E-02,
  "ann1": 3.36980544103879E+00,
  "ann2": -9.89905445377892E-01,
  "sem1": 1.42927368848882E+00,
  "sem2": 7.32155612733100E-01,
  "year": -2.79267640132886E-05,
  "IR": -0.00000000000000E+00,
  "ma": -0.00000000000000E+00,
  "mp": -7.64046969550090E-05,
  "shfT": -0.00000000000000E+00,
  "init": -1.41096365308883E-04,
  "ltep": [
    2.34811523300011E+01,
    9.46516702682254E+00
  ],
  "harm": [
    1.50000000000000E+01,
    2.40000000000000E+01
  ]
}
