{
  "offs": 0.00000000000000E+00,
  "bg": 1.41450296293995E-04,
  "impA": 0.00000000000000E+00,
  "impB": 0.00000000000000E+00,
  "impC": 0.00000000000000E+00,
  "delA": 4.54708292639605E+00,
  "delB": 7.98735733164474E-01,
  "asym": 4.10362574775738E-02,
  "ann1": -2.85493316781356E-02,
  "ann2": 5.26934343997297E-01,
  "sem1": -6.78713680097051E-03,
  "sem2": -7.46671193545437E-01,
  "year": -2.79267640132886E-05,
  "IR": -0.00000000000000E+00,
  "ma": -0.00000000000000E+00,
  "mp": 9.41242996040932E-05,
  "shfT": -0.00000000000000E+00,
  "init": -2.80256997412787E-03,
  "ltep": [
    -1.02220729600295E+01,
    2.35923639011373E+01
  ],
  "harm": [
    1.20000000000000E+01,
    6.00000000000000E+00
  ]
}
