{
  "offs": 0.00000000000000E+00,
  "bg": 1.40974705363252E-04,
  "impA": 0.00000000000000E+00,
  "impB": 0.00000000000000E+00,
  "impC": 0.00000000000000E+00,
  "delA": 4.56772134804323E+00,
  "delB": 7.98735733164474E-01,
  "asym": -4.35485586797631E-03,
  "ann1": 4.01637001922498E+00,
  "ann2": -1.95095800587064E+00,
  "sem1": -1.20179696349336E+00,
  "sem2": -7.93785130165794E-01,
  "year": -2.79267640132886E-05,
  "IR": -0.00000000000000E+00,
  "ma": -0.00000000000000E+00,
  "mp": -7.46024876017428E-05,
  "shfT": -0.00000000000000E+00,
  "init": -1.00434471756386E-04,
  "ltep": [
    4.04832327293703E+01,
    9.53055319676097E+00
  ],
  "harm": [
    7.00000000000000E+00,
    2.40000000000000E+01
  ]
}
