{
  "offs": 0.00000000000000E+00,
  "bg": 1.41450296293995E-04,
  "impA": 0.00000000000000E+00,
  "impB": 0.00000000000000E+00,
  "impC": 0.00000000000000E+00,
  "delA": 4.55754388621269E+00,
  "delB": 7.98735733164474E-01,
  "asym": -1.40279511330784E-02,
  "ann1": 3.17831006186351E+00,
  "ann2": -9.15221246614565E-01,
  "sem1": 1.49518043934498E+00,
  "sem2": -8.41630235024845E-01,
  "year": -2.79267640132886E-05,
  "IR": -0.00000000000000E+00,
  "ma": -0.00000000000000E+00,
  "mp": -7.66456982865518E-05,
  "shfT": -0.00000000000000E+00,
  "init": -1.41665147933199E-04,
  "ltep": [
    2.31105566384030E+01,
    9.46658690572156E+00
  ],
  "harm": [
    8.00000000000000E+00,
    2.40000000000000E+01
  ]
}
