{
  "offs": 0.00000000000000E+00,
  "bg": 1.41450296293995E-04,
  "impA": 0.00000000000000E+00,
  "impB": 0.00000000000000E+00,
  "impC": 0.00000000000000E+00,
  "delA": 4.53329475572848E+00,
  "delB": 7.98735733164474E-01,
  "asym": 7.27872522961716E-02,
  "ann1": 1.75380736884449E-02,
  "ann2": -7.13541083428214E-01,
  "sem1": -4.08373593041336E-03,
  "sem2": 7.07779032798935E-01,
  "year": -2.79267640132886E-05,
  "IR": -0.00000000000000E+00,
  "ma": -0.00000000000000E+00,
  "mp": -1.12456662912331E-04,
  "shfT": -0.00000000000000E+00,
  "init": -2.82329569859124E-03,
  "ltep": [
    1.28744462994746E+01,
    2.36755317267434E+01
  ],
  "harm": [
    4.00000000000000E+01,
    1.90000000000000E+01
  ]
}
