{
  "offs": 0.00000000000000E+00,
  "bg": 1.41450296293995E-04,
  "impA": 0.00000000000000E+00,
  "impB": 0.00000000000000E+00,
  "impC": 0.00000000000000E+00,
  "delA": 4.55311014113170E+00,
  "delB": 7.98735733164474E-01,
  "asym": -1.25641511104957E-02,
  "ann1": 3.35668939423276E+00,
  "ann2": -9.83276925851337E-01,
  "sem1": 1.41326378792413E+00,
  "sem2": -7.86875443655682E-01,
  "year": -2.79267640132886E-05,
  "IR": -0.00000000000000E+00,
  "ma": -0.00000000000000E+00,
  "mp": -7.49920905830043E-05,
  "shfT": -0.00000000000000E+00,
  "init": -1.42032203739980E-04,
  "ltep": [
    2.31379499948779E+01,
    9.46066139509842E+00
  ],
  "harm": [
    8.00000000000000E+00,
    2.40000000000000E+01
  ]
}
