{
  "offs": 0.00000000000000E+00,
  "bg": 1.41450296293995E-04,
  "impA": 0.00000000000000E+00,
  "impB": 0.00000000000000E+00,
  "impC": 0.00000000000000E+00,
  "delA": 4.55830707787773E+00,
  "delB": 7.98735733164474E-01,
  "asym": -1.18024308838449E-02,
  "ann1": 4.52084767598727E+00,
  "ann2": -2.05674114305264E+00,
  "sem1": 1.37417509111476E+00,
  "sem2": 2.23998621557018E+00,
  "year": -2.79267640132886E-05,
  "IR": -0.00000000000000E+00,
  "ma": -0.00000000000000E+00,
  "mp": -7.74307653096508E-05,
  "shfT": -0.00000000000000E+00,
  "init": -1.60539019626002E-04,
  "ltep": [
    2.31196754249216E+01,
    9.47373888650586E+00
  ],
  "harm": [
    8.00000000000000E+00,
    2.40000000000000E+01
  ]
}
