{
  "offs": 0.00000000000000E+00,
  "bg": 1.41450296293995E-04,
  "impA": 0.00000000000000E+00,
  "impB": 0.00000000000000E+00,
  "impC": 0.00000000000000E+00,
  "delA": 4.55556257432759E+00,
  "delB": 7.98735733164474E-01,
  "asym": -1.60279337868378E-02,
  "ann1": 3.06300040828167E+00,
  "ann2": -1.02509781670526E+00,
  "sem1": 1.70297407158833E+00,
  "sem2": -9.64658840906789E-01,
  "year": -2.79267640132886E-05,
  "IR": -0.00000000000000E+00,
  "ma": -0.00000000000000E+00,
  "mp": 7.67612961765029E-05,
  "shfT": -0.00000000000000E+00,
  "init": -1.33649283640108E-04,
  "ltep": [
    -2.32144009309498E+01,
    -9.47106139159155E+00
  ],
  "harm": [
    8.00000000000000E+00,
    2.40000000000000E+01
  ]
}
