offs    0.09387602838
bg      0.00014123808
impA    0.11407466315
impB   -0.04052387001
impC    0.09184434592
delA    0.82932399250
delB    0.28335131774
asym    0.01066211087
ann1    0.03595464707
ann2    5.17152668135
sem1   -0.02780493969
sem2   12.71311648105
year   -0.00002784885
IR     -0.09614066883
ma      0.00342264848
mp      0.00172310004
shfT    0.00000000000
init    0.06813633839
   27.32166155400   0.01217365776   3.27275665200
   27.21222081500   0.01648886850  -1.35839842739
 1095.17502233364  -0.00588313745  -2.21917521100
    9.08286783775  -0.00744323284   3.81143142392
    6.81670784238   0.00096385350   0.56321924899
   13.63341568476   0.10620736161   0.78657803805
   13.66083077700   0.30276062103  -0.18431353677
   13.60611040750   0.01877255835   0.56328506745
   27.55454988600   0.06189043055  -0.26653175251
   13.77727494300   0.03291880008   1.36707489357
 6793.47648813065  -0.00295466228  -1.57095806634
 1616.30271425126   0.01232907130  -2.29805328829
   27.09267692660   0.01612543737  -0.79044238360
    9.09502787633   0.00995510566  -3.29048004789
   13.69115772864  -0.01223050326   0.48961102877
 1305.66025845931   0.00192726058   0.61518975603
   27.44323926226   0.00128642523  -1.89558927652
   27.66676714572   0.02466521524   2.46819919190
 2190.35004466729   0.01471913420  -1.70576549766
   26.98505934729   0.03631629129  -0.13150741641
 6167.20701373239   0.00181226125   0.98307633787
 -3232.60542850251  -0.00459785883   3.00161024967
 -2120.90900683440   0.00654458256   3.64841199447
   27.33282433123   0.01487853507   0.58323183862
   13.71880577217  -0.00457730764  -1.12401828473
    9.13295078376   0.08460783382   2.79029167961
    9.12068919638   0.04143718721  -2.58050635319
    9.10846048884   0.01416116375   1.76678826433
 3396.73824406533   0.00368980377  -1.38450776676
 1656.31999626209  -0.00814999197   0.03125330114
   27.10365333842   0.01229412918  -1.36610545905
ltep    1.02375017781
ltep    3.12982381448
ltep   18.68216048000
ltep  100.00000000000
ltep   10.00000000000
ltep  200.00000000000
ltep  600.00000000000
ltep   70.00000000000
ltep  150.00000000000
ltep  400.00000000000
ltep    0.50000000000
harm  4
harm  2
harm  5
harm  24
harm  20
harm  25
harm  0
