{
  "offs": 0.00000000000000E+00,
  "bg": 1.41450296293995E-04,
  "impA": 0.00000000000000E+00,
  "impB": 0.00000000000000E+00,
  "impC": 0.00000000000000E+00,
  "delA": 4.48940334497238E+00,
  "delB": 7.98735733164474E-01,
  "asym": 4.97078681455023E-02,
  "ann1": 1.05696849028330E-02,
  "ann2": -4.55879930759103E-01,
  "sem1": -8.99861909419945E-03,
  "sem2": 9.81036741155135E-01,
  "year": -2.79265500000000E-05,
  "IR": -0.00000000000000E+00,
  "ma": -0.00000000000000E+00,
  "mp": 1.50557338375509E-04,
  "shfT": -0.00000000000000E+00,
  "init": -6.74331677616689E-03,
  "ltep": [
    -2.35769141016422E+01,
    -3.43696354701573E-03
  ],
  "harm": [
    1.80000000000000E+01,
    4.60000000000000E+01
  ]
}
