{
  "offs": 0.00000000000000E+00,
  "bg": 1.41450296293995E-04,
  "impA": 0.00000000000000E+00,
  "impB": 0.00000000000000E+00,
  "impC": 0.00000000000000E+00,
  "delA": 4.55069367948653E+00,
  "delB": 7.98735733164474E-01,
  "asym": -1.32692938334226E-02,
  "ann1": 3.22917210204474E+00,
  "ann2": -9.17697486936080E-01,
  "sem1": 1.49741462882205E+00,
  "sem2": -9.23459923709768E-01,
  "year": -2.79267640132886E-05,
  "IR": -0.00000000000000E+00,
  "ma": -0.00000000000000E+00,
  "mp": -7.64780254331299E-05,
  "shfT": -0.00000000000000E+00,
  "init": -1.43821437630726E-04,
  "ltep": [
    2.23234170679099E+01,
    9.46142970306077E+00
  ],
  "harm": [
    1.20000000000000E+01,
    2.40000000000000E+01
  ]
}
