{
  "offs": 0.00000000000000E+00,
  "bg": 1.41450296293995E-04,
  "impA": 0.00000000000000E+00,
  "impB": 0.00000000000000E+00,
  "impC": 0.00000000000000E+00,
  "delA": 4.55620407207120E+00,
  "delB": 7.98735733164474E-01,
  "asym": -1.04947721059010E-02,
  "ann1": 5.48018578411397E+00,
  "ann2": -7.08280997444290E-01,
  "sem1": -3.87767695298101E-01,
  "sem2": 9.03555438897042E-01,
  "year": -2.79267640132886E-05,
  "IR": -0.00000000000000E+00,
  "ma": -0.00000000000000E+00,
  "mp": 7.65951517287874E-05,
  "shfT": -0.00000000000000E+00,
  "init": -1.53806270085607E-04,
  "ltep": [
    2.24834243649438E+01,
    9.50635522637880E+00
  ],
  "harm": [
    1.80000000000000E+01,
    2.50000000000000E+01
  ]
}
