{
  "offs": 0.00000000000000E+00,
  "bg": 1.41450296293995E-04,
  "impA": 0.00000000000000E+00,
  "impB": 0.00000000000000E+00,
  "impC": 0.00000000000000E+00,
  "delA": 4.56368603036563E+00,
  "delB": 7.98735733164474E-01,
  "asym": -1.52013817623712E-02,
  "ann1": 3.22336125411859E+00,
  "ann2": -1.07837289850916E+00,
  "sem1": 1.74678075767444E+00,
  "sem2": -6.85933516423128E-01,
  "year": -2.79267640132886E-05,
  "IR": -0.00000000000000E+00,
  "ma": -0.00000000000000E+00,
  "mp": -7.31945139116440E-05,
  "shfT": -0.00000000000000E+00,
  "init": -1.45572259112074E-04,
  "ltep": [
    2.30422749135202E+01,
    9.47490187176919E+00
  ],
  "harm": [
    1.00000000000000E+01,
    2.40000000000000E+01
  ]
}
