{
  "offs": 0.00000000000000E+00,
  "bg": 1.41450296293995E-04,
  "impA": 0.00000000000000E+00,
  "impB": 0.00000000000000E+00,
  "impC": 0.00000000000000E+00,
  "delA": 4.51429014450581E+00,
  "delB": 7.98735733164474E-01,
  "asym": 2.05480632387644E-03,
  "ann1": 1.03351976846310E+00,
  "ann2": -3.45759307785972E+00,
  "sem1": -3.40454292880236E+00,
  "sem2": 1.31000303711843E+00,
  "year": -2.79267640132886E-05,
  "IR": -0.00000000000000E+00,
  "ma": -0.00000000000000E+00,
  "mp": -5.50584043460192E-05,
  "shfT": -0.00000000000000E+00,
  "init": -9.34077203953997E-05,
  "ltep": [
    2.42828486897847E+01,
    8.16900836336454E+00
  ],
  "harm": [
    2.00000000000000E+01,
    2.90000000000000E+01
  ]
}
