{
  "offs": 0.00000000000000E+00,
  "bg": 1.41450296293995E-04,
  "impA": 0.00000000000000E+00,
  "impB": 0.00000000000000E+00,
  "impC": 0.00000000000000E+00,
  "delA": 4.51195438633003E+00,
  "delB": 7.98735733164474E-01,
  "asym": 2.03864041314116E-03,
  "ann1": 1.03849680897375E+00,
  "ann2": -3.39877682344384E+00,
  "sem1": -3.50232541690006E+00,
  "sem2": 1.32348601725665E+00,
  "year": -2.79267640132886E-05,
  "IR": -0.00000000000000E+00,
  "ma": -0.00000000000000E+00,
  "mp": -5.52681999363342E-05,
  "shfT": -0.00000000000000E+00,
  "init": -9.30939187088279E-05,
  "ltep": [
    -2.38976554511203E+01,
    8.15735417142524E+00
  ],
  "harm": [
    2.00000000000000E+01,
    2.90000000000000E+01
  ]
}
