{
  "offs": 0.00000000000000E+00,
  "bg": 1.41450296293995E-04,
  "impA": 0.00000000000000E+00,
  "impB": 0.00000000000000E+00,
  "impC": 0.00000000000000E+00,
  "delA": 4.53167410653806E+00,
  "delB": 7.98735733164474E-01,
  "asym": 7.49842340960725E-02,
  "ann1": -4.81820340558197E-02,
  "ann2": -1.67554547498086E+00,
  "sem1": -3.06386465742620E-02,
  "sem2": 1.67000414431611E+00,
  "year": -2.79267640132886E-05,
  "IR": -0.00000000000000E+00,
  "ma": -0.00000000000000E+00,
  "mp": 1.13190172823528E-04,
  "shfT": -0.00000000000000E+00,
  "init": -2.74770262978042E-03,
  "ltep": [
    1.34715851311939E+01,
    2.36846050064673E+01
  ],
  "harm": [
    4.00000000000000E+01,
    1.90000000000000E+01
  ]
}
