offs   -0.17707810152
bg      0.00000000000
impA   -1.51741645638
impB   -3.10018418174
impC    0.00000000000
delA   -0.13745102766
delB   -0.03824076067
asym    0.50663176602
ann1   -0.36957680680
ann2   -0.35786065623
sem1    0.08845194814
sem2 -284.20266637788
year    0.00000000000
IR      0.00000000000
ma     -0.00041648241
mp     -0.00049310872
shfT    0.00118811068
init    0.46180378274
   27.32166155400   0.00077299940   1.22418827611
   27.21222081500  -0.00000000092  -3.38684944955
 1095.17502233364  -0.00110990961   3.10086784499
   13.63341568476   0.12043406685   0.29451390694
   13.66083077700   0.27484988488  -0.55259953459
   13.60611040750   0.01038016527   0.79532415758
   27.55454988600   0.09778314624  -0.33161261035
   13.77727494300   0.01627702748   2.62363329891
 6793.47648813065   0.00200730285   0.97525627485
 1616.30271425126   0.00643710008  -0.57728589807
   31.81207480984   0.01846513683  -0.63130921432
 1305.66025845931   0.00331317627  -2.57007742978
   27.44323926226   0.00472383330  -1.27239879303
   27.66676714572   0.00938067074   1.55326792956
 2190.35004466729   0.00269589294  -1.27578221892
   26.98505934729   0.01603248803   0.58524481539
 6167.20701373239   0.00062085257  -3.67179843909
 -3232.60542850251   0.00135453988   5.92406618573
 -2120.90900683440   0.00354306824  -3.35123363250
    9.13295078376   0.09077447118   2.17080690224
    9.12068919638   0.04340651260  -3.12247079055
    9.10846048884   0.00232220638  -3.16910642212
 3396.73824406533   0.00188018219   1.99560974520
 1656.31999626209   0.00184839837   1.70311578387
    9.55688590896   0.01516922226   1.74088548457
    9.18484996200   0.00271437964  -0.89285341252
    9.54346041724  -0.00000686129  -2.98770555835
    7.08840592804   0.01088776618  -1.07721404847
    6.85248390316   0.00562651888   6.33008169406
    6.85940288609   0.01487622863  -0.78797917926
    7.09580979265   0.01560088353   1.98985693118
    5.64270751376   0.00134355825   1.85580540530
   14.76532322354   0.04156165194   2.11669969097
    9.61373003867   0.00566358633  -0.76690527513
   27.09267692660   0.00151254893  -0.13608145956
    5.63802453246   0.00114855970   1.37355239038
    5.49218394831   0.00024191585   1.17490227579
   14.79748490806   0.00268884754   1.25673443294
   14.73330103985   0.00316473924   1.40859260731
   15.38736551592   0.00704568745  -2.37250726062
   23.94212594223  -0.00000000000   0.55524711808
  182.62377670000   0.01882447193  -0.69915537604
ltep    0.58276009161
ltep   42.38703079000
ltep   18.68216048000
ltep  100.00000000000
ltep   10.00000000000
ltep  200.00000000000
ltep  600.00000000000
ltep   70.00000000000
ltep  150.00000000000
ltep  400.00000000000
ltep    0.50000000000
harm  7
harm  0
