{
  "offs": 0.00000000000000E+00,
  "bg": 1.41450834610487E-04,
  "impA": 0.00000000000000E+00,
  "impB": 0.00000000000000E+00,
  "impC": 0.00000000000000E+00,
  "delA": 4.54606022270141E+00,
  "delB": 7.98735733164474E-01,
  "asym": 5.86736763465792E-02,
  "ann1": -3.00264164340332E-01,
  "ann2": -3.90263187378177E-01,
  "sem1": -9.31210643221860E-02,
  "sem2": 1.44401609447375E+01,
  "year": -2.79267640132886E-05,
  "IR": -0.00000000000000E+00,
  "ma": -0.00000000000000E+00,
  "mp": 9.33024406849914E-05,
  "shfT": -0.00000000000000E+00,
  "init": -2.10192887563516E-03,
  "ltep": [
    6.57661835358864E+00,
    -7.04777849403920E+00,
    2.37421214016153E+01
  ],
  "harm": [
    3.00000000000000E+00
  ]
}
