{
  "offs": 0.00000000000000E+00,
  "bg": 1.41450296293995E-04,
  "impA": 0.00000000000000E+00,
  "impB": 0.00000000000000E+00,
  "impC": 0.00000000000000E+00,
  "delA": 4.55985541754096E+00,
  "delB": 7.98735733164474E-01,
  "asym": -1.39300089495435E-02,
  "ann1": 3.10809473658858E+00,
  "ann2": -9.54951143484143E-01,
  "sem1": 1.52547372281536E+00,
  "sem2": -7.56798189005947E-01,
  "year": -2.79267640132886E-05,
  "IR": -0.00000000000000E+00,
  "ma": -0.00000000000000E+00,
  "mp": -7.88064702738904E-05,
  "shfT": -0.00000000000000E+00,
  "init": -1.38705457508209E-04,
  "ltep": [
    2.28283496775245E+01,
    9.45574577666185E+00
  ],
  "harm": [
    1.40000000000000E+01,
    2.40000000000000E+01
  ]
}
