{
  "offs": 0.00000000000000E+00,
  "bg": 1.41450296293995E-04,
  "impA": 0.00000000000000E+00,
  "impB": 0.00000000000000E+00,
  "impC": 0.00000000000000E+00,
  "delA": 4.56728950735052E+00,
  "delB": 7.98735733164474E-01,
  "asym": -1.05940717603728E-02,
  "ann1": 3.37909154014757E+00,
  "ann2": -1.57996611479269E+00,
  "sem1": 9.95872387327687E-01,
  "sem2": 1.15085732114593E+00,
  "year": -2.79267640132886E-05,
  "IR": -0.00000000000000E+00,
  "ma": -0.00000000000000E+00,
  "mp": -7.77810279746832E-05,
  "shfT": -0.00000000000000E+00,
  "init": -1.29987185245985E-04,
  "ltep": [
    -2.23691428276823E+01,
    9.49209426314612E+00
  ],
  "harm": [
    2.20000000000000E+01,
    1.10000000000000E+01
  ]
}
