{
  "offs": 0.00000000000000E+00,
  "bg": 1.41450296293995E-04,
  "impA": 0.00000000000000E+00,
  "impB": 0.00000000000000E+00,
  "impC": 0.00000000000000E+00,
  "delA": 4.59735123350642E+00,
  "delB": 7.98735733164474E-01,
  "asym": -1.29411860915633E-02,
  "ann1": 2.83759975612112E+00,
  "ann2": -9.69268107077656E-01,
  "sem1": 1.30889070061113E+00,
  "sem2": -7.34810771861365E-01,
  "year": -2.79267640132886E-05,
  "IR": -0.00000000000000E+00,
  "ma": -0.00000000000000E+00,
  "mp": -7.81502156203334E-05,
  "shfT": -0.00000000000000E+00,
  "init": -1.41003899276488E-04,
  "ltep": [
    2.30391448683643E+01,
    9.40921391478309E+00
  ],
  "harm": [
    1.90000000000000E+01,
    1.30000000000000E+01
  ]
}
