{
  "offs": 0.00000000000000E+00,
  "bg": 1.41450296293995E-04,
  "impA": 0.00000000000000E+00,
  "impB": 0.00000000000000E+00,
  "impC": 0.00000000000000E+00,
  "delA": 4.56295541726932E+00,
  "delB": 7.98735733164474E-01,
  "asym": -1.32498485335676E-02,
  "ann1": 3.28744652949771E+00,
  "ann2": -9.89549409768890E-01,
  "sem1": 1.63892282741035E+00,
  "sem2": 7.18562863347332E-01,
  "year": -2.79267640132886E-05,
  "IR": -0.00000000000000E+00,
  "ma": -0.00000000000000E+00,
  "mp": -7.76560328579151E-05,
  "shfT": -0.00000000000000E+00,
  "init": 1.33908561239828E-04,
  "ltep": [
    2.31852832838045E+01,
    9.45739452350899E+00
  ],
  "harm": [
    2.30000000000000E+01,
    2.80000000000000E+01
  ]
}
