{
  "offs": 0.00000000000000E+00,
  "bg": 1.41450296293995E-04,
  "impA": 0.00000000000000E+00,
  "impB": 0.00000000000000E+00,
  "impC": 0.00000000000000E+00,
  "delA": 4.55822279346386E+00,
  "delB": 7.98735733164474E-01,
  "asym": -1.42082256792011E-02,
  "ann1": 2.95794281309492E+00,
  "ann2": -9.65015156012431E-01,
  "sem1": 1.58071108574214E+00,
  "sem2": -8.20395865558561E-01,
  "year": -2.79267640132886E-05,
  "IR": -0.00000000000000E+00,
  "ma": -0.00000000000000E+00,
  "mp": -7.71800711993899E-05,
  "shfT": -0.00000000000000E+00,
  "init": -1.40090577795587E-04,
  "ltep": [
    2.33106833812360E+01,
    9.46531946736088E+00
  ],
  "harm": [
    8.00000000000000E+00,
    2.40000000000000E+01
  ]
}
