{
  "offs": 0.00000000000000E+00,
  "bg": 1.41450296293995E-04,
  "impA": 0.00000000000000E+00,
  "impB": 0.00000000000000E+00,
  "impC": 0.00000000000000E+00,
  "delA": 4.56401097493208E+00,
  "delB": 7.98735733164474E-01,
  "asym": -1.39029353010045E-02,
  "ann1": -3.03696653925117E+00,
  "ann2": -9.47697703573484E-01,
  "sem1": 1.59245809871089E+00,
  "sem2": -7.94475592097970E-01,
  "year": -2.79267640132886E-05,
  "IR": -0.00000000000000E+00,
  "ma": -0.00000000000000E+00,
  "mp": -7.80639565822621E-05,
  "shfT": -0.00000000000000E+00,
  "init": -1.41351225944563E-04,
  "ltep": [
    2.41115451674729E+01,
    9.45582639997253E+00
  ],
  "harm": [
    8.00000000000000E+00,
    2.40000000000000E+01
  ]
}
