{
  "offs": 0.00000000000000E+00,
  "bg": 1.41450296293995E-04,
  "impA": 0.00000000000000E+00,
  "impB": 0.00000000000000E+00,
  "impC": 0.00000000000000E+00,
  "delA": 4.53469039601140E+00,
  "delB": 7.98735733164474E-01,
  "asym": 7.24960294579131E-02,
  "ann1": -5.77105264166612E-03,
  "ann2": -5.85581373402255E+00,
  "sem1": -1.06555866974712E-02,
  "sem2": 5.28728469570245E-01,
  "year": -2.79267640132886E-05,
  "IR": -0.00000000000000E+00,
  "ma": -0.00000000000000E+00,
  "mp": -1.12377676525983E-04,
  "shfT": -0.00000000000000E+00,
  "init": -2.91493233519027E-03,
  "ltep": [
    6.32872847376890E+01,
    2.36596001711568E+01
  ],
  "harm": [
    3.00000000000000E+00,
    1.90000000000000E+01
  ]
}
