{
  "offs": 0.00000000000000E+00,
  "bg": 1.41450296293995E-04,
  "impA": 0.00000000000000E+00,
  "impB": 0.00000000000000E+00,
  "impC": 0.00000000000000E+00,
  "delA": 4.56000481066505E+00,
  "delB": 7.98735733164474E-01,
  "asym": -1.44041460400634E-02,
  "ann1": 3.03482566991970E+00,
  "ann2": -9.80856317303424E-01,
  "sem1": 1.53114292253410E+00,
  "sem2": -7.90010248681717E-01,
  "year": -2.79267640132886E-05,
  "IR": -0.00000000000000E+00,
  "ma": -0.00000000000000E+00,
  "mp": -7.53172629539947E-05,
  "shfT": -0.00000000000000E+00,
  "init": -1.40661559774296E-04,
  "ltep": [
    2.30791375444070E+01,
    9.46689289700347E+00
  ],
  "harm": [
    1.50000000000000E+01,
    2.40000000000000E+01
  ]
}
