{
  "offs": 0.00000000000000E+00,
  "bg": 1.41450296293995E-04,
  "impA": 0.00000000000000E+00,
  "impB": 0.00000000000000E+00,
  "impC": 0.00000000000000E+00,
  "delA": 4.53013260740322E+00,
  "delB": 7.98735733164474E-01,
  "asym": 7.10132909821551E-02,
  "ann1": -1.55825602673291E-02,
  "ann2": -5.22487235944051E-01,
  "sem1": 4.46919124181286E-03,
  "sem2": -8.13698890738556E-01,
  "year": -2.79267640132886E-05,
  "IR": -0.00000000000000E+00,
  "ma": -0.00000000000000E+00,
  "mp": -1.12462304714321E-04,
  "shfT": -0.00000000000000E+00,
  "init": -2.90274912891537E-03,
  "ltep": [
    1.17559212250411E+01,
    2.36713273579145E+01
  ],
  "harm": [
    2.30000000000000E+01,
    1.90000000000000E+01,
    3.00000000000000E+00
  ]
}
