{
  "offs": 0.00000000000000E+00,
  "bg": 1.41450296293995E-04,
  "impA": 0.00000000000000E+00,
  "impB": 0.00000000000000E+00,
  "impC": 0.00000000000000E+00,
  "delA": 4.52970555984916E+00,
  "delB": 7.98735733164474E-01,
  "asym": 7.10437574317753E-02,
  "ann1": -1.65689323484834E-02,
  "ann2": -5.52192755221098E-01,
  "sem1": 5.24697567495137E-03,
  "sem2": -7.74199164554456E-01,
  "year": -2.79267640132886E-05,
  "IR": -0.00000000000000E+00,
  "ma": -0.00000000000000E+00,
  "mp": -1.12414821442612E-04,
  "shfT": -0.00000000000000E+00,
  "init": -2.83444256393459E-03,
  "ltep": [
    1.18179085351970E+01,
    2.36710546285856E+01
  ],
  "harm": [
    2.30000000000000E+01,
    1.90000000000000E+01,
    3.00000000000000E+00
  ]
}
