{
  "offs": 0.00000000000000E+00,
  "bg": 1.41450296293995E-04,
  "impA": 0.00000000000000E+00,
  "impB": 0.00000000000000E+00,
  "impC": 0.00000000000000E+00,
  "delA": 4.52632635516049E+00,
  "delB": 7.98735733164474E-01,
  "asym": 7.57169792008681E-02,
  "ann1": -3.15831651369083E+00,
  "ann2": -6.05974761127391E-01,
  "sem1": 1.27512743601013E+00,
  "sem2": 1.69646304012640E+00,
  "year": -2.79267640132886E-05,
  "IR": -0.00000000000000E+00,
  "ma": -0.00000000000000E+00,
  "mp": -1.08110108141419E-04,
  "shfT": -0.00000000000000E+00,
  "init": -2.68706878868071E-03,
  "ltep": [
    1.12187816126715E+01,
    2.36629015151871E+01
  ],
  "harm": [
    2.30000000000000E+01,
    1.90000000000000E+01,
    2.40000000000000E+01
  ]
}
