{
  "offs": 0.00000000000000E+00,
  "bg": 1.41450296293995E-04,
  "impA": 0.00000000000000E+00,
  "impB": 0.00000000000000E+00,
  "impC": 0.00000000000000E+00,
  "delA": 4.55923584637948E+00,
  "delB": 7.98735733164474E-01,
  "asym": -1.22343346494150E-02,
  "ann1": 5.85714161486060E+00,
  "ann2": -1.88338444533437E+00,
  "sem1": 2.40353021356436E+00,
  "sem2": -6.58616203085077E-01,
  "year": -2.79267640132886E-05,
  "IR": -0.00000000000000E+00,
  "ma": -0.00000000000000E+00,
  "mp": -7.59598022814449E-05,
  "shfT": -0.00000000000000E+00,
  "init": -1.41946126497223E-04,
  "ltep": [
    -2.32671969046666E+01,
    9.46717952047421E+00
  ],
  "harm": [
    2.30000000000000E+01,
    2.40000000000000E+01
  ]
}
